107.768059 152.548843 11
41.426270 33.161461 409

41.426270 33.161461 409
201.977463 47.050686 36

201.977463 47.050686 36
335.597168 365.158936 94

335.597168 365.158936 94
212.134125 29.433489 157

212.134125 29.433489 157
184.317856 185.688522 295

111.292931 420.277985 14
465.254822 200.865952 222

465.254822 200.865952 222
191.939896 191.392334 446

102.372047 159.159424 19
72.409805 50.225853 107

72.409805 50.225853 107
342.754852 376.463989 42

342.754852 376.463989 42
381.141815 135.813171 48

381.141815 135.813171 48
120.109138 419.986725 204

120.109138 419.986725 204
114.166794 227.545654 122

114.166794 227.545654 122
457.971130 147.197311 400

312.075684 137.540222 20
140.071518 153.067078 241

140.071518 153.067078 241
233.242630 374.146912 282

233.242630 374.146912 282
164.746338 71.116447 139

164.746338 71.116447 139
389.313843 120.708466 498

389.313843 120.708466 498
61.616211 439.337280 301

61.616211 439.337280 301
225.391388 492.338226 169

84.608109 414.890686 22
399.711914 282.078674 17

399.711914 282.078674 17
241.078644 404.605682 181

241.078644 404.605682 181
51.690937 407.224701 483

51.690937 407.224701 483
239.478058 376.097321 27

239.478058 376.097321 27
247.540329 237.037155 9

247.540329 237.037155 9
146.623016 216.755981 397

146.623016 216.755981 397
195.383575 147.844696 46

195.383575 147.844696 46
289.056183 250.881882 240

312.742645 420.951019 24
364.759247 122.367592 349

364.759247 122.367592 349
193.222076 452.740692 148

193.222076 452.740692 148
488.194641 234.440857 174

488.194641 234.440857 174
37.689388 18.563478 281

37.689388 18.563478 281
290.293274 65.888016 292

117.711693 268.421204 26
16.918987 114.895462 65

16.918987 114.895462 65
308.228760 344.444031 184

308.228760 344.444031 184
363.029938 31.444937 230

363.029938 31.444937 230
64.762054 236.097641 453

64.762054 236.097641 453
289.356750 129.419678 477

421.139099 250.279282 31
120.101776 30.745655 241

120.101776 30.745655 241
94.837662 283.636444 20

94.837662 283.636444 20
488.558533 131.443771 430

488.558533 131.443771 430
61.000107 65.136375 162

61.000107 65.136375 162
410.250000 224.824585 114

410.250000 224.824585 114
355.723206 94.816566 282

355.723206 94.816566 282
131.028122 387.364197 348

449.864288 300.766571 38
404.162354 69.973793 211

404.162354 69.973793 211
136.972122 452.777008 333

136.972122 452.777008 333
302.333130 191.892807 338

302.333130 191.892807 338
332.206055 385.638855 257

332.206055 385.638855 257
264.445740 58.174015 25

430.039520 296.442352 39
273.608093 433.089478 339

273.608093 433.089478 339
123.310417 499.267944 151

123.310417 499.267944 151
499.959076 465.457336 146

499.959076 465.457336 146
424.849640 263.229889 390

424.849640 263.229889 390
456.604156 204.326416 44

456.604156 204.326416 44
346.264374 392.269562 56

346.264374 392.269562 56
295.868866 365.347351 168

186.088623 23.849218 41
231.072632 260.938812 12

231.072632 260.938812 12
316.410126 332.999786 78

316.410126 332.999786 78
76.096863 43.185146 446

76.096863 43.185146 446
139.282822 79.947563 325

139.282822 79.947563 325
147.830246 216.005478 173

147.830246 216.005478 173
33.446701 79.709854 436

436.776062 14.155269 49
148.223343 374.232086 98

148.223343 374.232086 98
31.081795 357.931305 248

31.081795 357.931305 248
156.274292 314.299591 272

85.522293 48.830570 50
29.825031 324.459808 145

29.825031 324.459808 145
162.344910 106.189880 468

162.344910 106.189880 468
77.837440 90.385468 376

77.837440 90.385468 376
246.759384 285.446259 242

417.687012 93.223274 55
405.780945 461.130127 495

405.780945 461.130127 495
467.906311 464.453552 198

467.906311 464.453552 198
206.558105 467.132904 392

206.558105 467.132904 392
462.135651 200.474533 465

462.135651 200.474533 465
243.909836 371.842224 342

353.597168 244.174484 64
157.384872 78.395096 6

157.384872 78.395096 6
132.857437 360.229889 218

132.857437 360.229889 218
256.230438 460.092896 185

256.230438 460.092896 185
329.920898 212.869675 239

329.920898 212.869675 239
348.574554 184.637222 428

348.574554 184.637222 428
394.888397 477.520538 305

394.888397 477.520538 305
188.567169 376.913086 378

188.567169 376.913086 378
133.118515 27.716429 351

133.118515 27.716429 351
474.828705 83.521576 195

165.694153 240.627167 65
338.955780 21.491945 312

338.955780 21.491945 312
344.564545 379.849304 258

344.564545 379.849304 258
163.448517 424.604828 162

163.448517 424.604828 162
92.446121 62.591492 46

92.446121 62.591492 46
144.481354 419.873413 397

144.481354 419.873413 397
478.362457 47.293335 9

260.805542 103.606583 69
110.305725 44.974625 345

110.305725 44.974625 345
395.643433 264.257751 15

395.643433 264.257751 15
198.666489 265.619934 197

198.666489 265.619934 197
442.836853 348.267365 194

442.836853 348.267365 194
168.767960 230.770294 225

19.672007 185.608231 73
77.158180 286.158386 60

77.158180 286.158386 60
20.829618 114.656654 157

20.829618 114.656654 157
174.697220 281.138458 463

174.697220 281.138458 463
160.558548 152.400558 159

160.558548 152.400558 159
267.673676 380.132660 415

267.673676 380.132660 415
206.416641 29.568165 198

243.000183 357.792847 76
26.177883 330.211182 140

26.177883 330.211182 140
289.684326 395.370087 23

289.684326 395.370087 23
397.636810 161.198471 130

397.636810 161.198471 130
62.471359 35.417141 82

62.471359 35.417141 82
90.651688 456.237335 411

90.651688 456.237335 411
179.402176 88.748459 156

179.402176 88.748459 156
20.112604 394.167511 296

197.823013 201.167709 78
92.524498 371.919434 12

92.524498 371.919434 12
75.387894 490.276733 152

75.387894 490.276733 152
70.021690 362.345154 311

70.021690 362.345154 311
107.251320 310.580566 134

107.251320 310.580566 134
190.256332 150.778976 159

190.256332 150.778976 159
344.164856 484.743896 463

344.164856 484.743896 463
499.584717 88.829277 157

173.612778 316.286499 79
444.029266 449.350769 147

444.029266 449.350769 147
10.143995 477.608795 231

10.143995 477.608795 231
100.840508 192.804337 204

100.840508 192.804337 204
221.592163 30.641853 392

221.592163 30.641853 392
34.581512 278.084991 218

367.316315 485.459595 90
495.559631 231.876160 464

495.559631 231.876160 464
332.290100 380.906708 102

332.290100 380.906708 102
358.986664 265.330505 465

440.270782 187.179382 95
281.705811 41.727840 283

281.705811 41.727840 283
277.960358 180.001175 189

277.960358 180.001175 189
396.908966 175.587021 213

396.908966 175.587021 213
371.944214 405.647278 82

371.944214 405.647278 82
99.775703 248.081924 271

99.775703 248.081924 271
414.337128 105.122955 202

350.508148 329.639832 110
242.674774 169.855209 486

242.674774 169.855209 486
141.645462 499.329285 464

141.645462 499.329285 464
240.575165 305.485504 90

240.575165 305.485504 90
197.096115 499.151978 68

197.096115 499.151978 68
241.712250 306.831543 239

241.712250 306.831543 239
435.804932 394.028168 262

435.804932 394.028168 262
469.129517 465.678375 306

469.129517 465.678375 306
273.862854 467.728149 259

132.894897 491.102325 119
342.473022 385.542389 294

342.473022 385.542389 294
68.904999 82.770287 444

68.904999 82.770287 444
450.220673 15.577942 94

450.220673 15.577942 94
474.601807 170.558807 36

474.601807 170.558807 36
474.743469 385.654755 370

474.743469 385.654755 370
236.161377 149.606979 262

236.161377 149.606979 262
310.058960 331.323944 470

301.864929 137.983826 121
115.715591 75.985016 461

115.715591 75.985016 461
289.302124 56.748688 46

289.302124 56.748688 46
149.924362 423.400330 162

149.924362 423.400330 162
216.386856 322.991058 258

216.386856 322.991058 258
278.622772 401.567657 312

362.578247 360.275635 124
293.284332 136.240250 169

293.284332 136.240250 169
285.120514 236.109100 177

285.120514 236.109100 177
391.633514 100.565346 216

391.633514 100.565346 216
401.184143 146.696411 83

401.184143 146.696411 83
298.648499 105.400589 180

298.648499 105.400589 180
35.143406 114.825752 447

35.143406 114.825752 447
277.496857 217.798920 199

277.496857 217.798920 199
199.709808 32.946049 395

199.709808 32.946049 395
224.392090 137.209152 164

311.268311 254.181946 126
412.615387 24.218977 409

412.615387 24.218977 409
467.560516 226.598618 410

467.560516 226.598618 410
71.647942 252.183914 145

71.647942 252.183914 145
39.229542 31.171322 76

39.229542 31.171322 76
244.847061 489.207825 226

244.847061 489.207825 226
321.928955 434.323639 154

321.928955 434.323639 154
138.613403 16.179949 327

10.343820 331.751526 141
60.964645 272.582916 33

60.964645 272.582916 33
192.188736 275.832489 297

192.188736 275.832489 297
281.419434 431.168030 32

281.419434 431.168030 32
0.695765 14.358849 268

0.695765 14.358849 268
417.430817 201.939880 181

417.430817 201.939880 181
425.169891 350.232910 17

425.169891 350.232910 17
8.312374 273.462311 87

50.244747 112.840652 145
247.292252 307.785889 50

247.292252 307.785889 50
24.913221 67.410828 389

24.913221 67.410828 389
11.573463 407.031372 164

11.573463 407.031372 164
180.607193 92.585083 206

180.607193 92.585083 206
426.094696 423.477112 75

316.358917 196.118805 148
393.518860 143.032379 349

393.518860 143.032379 349
352.513275 32.936604 255

352.513275 32.936604 255
266.070160 125.131638 129

266.070160 125.131638 129
499.996704 487.275238 97

499.996704 487.275238 97
376.390289 187.138824 15

376.390289 187.138824 15
54.235340 266.828186 345

54.235340 266.828186 345
493.294495 7.236600 69

493.294495 7.236600 69
63.201397 182.818985 485

152.445740 188.266693 149
188.087189 3.936529 439

188.087189 3.936529 439
321.837585 221.704453 455

321.837585 221.704453 455
360.846466 127.436813 480

360.846466 127.436813 480
464.362549 467.974854 99

464.362549 467.974854 99
390.349670 158.901367 56

390.349670 158.901367 56
266.232941 90.053261 3

266.232941 90.053261 3
354.682343 380.153534 302

106.888596 52.932022 153
149.562149 203.556900 41

149.562149 203.556900 41
432.481781 310.591705 10

432.481781 310.591705 10
464.894775 416.532318 128

464.894775 416.532318 128
190.573090 263.135742 177

190.573090 263.135742 177
53.231030 199.680298 144

53.231030 199.680298 144
307.372284 322.817383 121

307.372284 322.817383 121
239.662140 149.876892 250

188.959747 135.668076 158
64.929131 253.194244 120

64.929131 253.194244 120
387.114746 492.188416 269

387.114746 492.188416 269
486.573730 233.669189 391

486.573730 233.669189 391
464.299591 174.595230 331

464.299591 174.595230 331
346.462341 240.156326 150

346.462341 240.156326 150
195.118256 465.664673 418

195.118256 465.664673 418
231.230789 322.154053 455

479.753235 187.808990 162
121.633980 131.536331 430

121.633980 131.536331 430
121.633980 131.536331 430

350.065613 301.611420 163
150.989410 235.010773 205

150.989410 235.010773 205
61.565311 36.633255 480

61.565311 36.633255 480
155.946014 36.961643 435

155.946014 36.961643 435
425.113861 293.452667 87

425.113861 293.452667 87
20.444960 301.926361 390

20.444960 301.926361 390
481.479553 494.391724 484

481.479553 494.391724 484
107.009712 241.022736 337

107.009712 241.022736 337
239.628021 242.652573 66

309.032867 371.487793 170
379.160767 433.382507 239

379.160767 433.382507 239
396.720551 86.713493 185

396.720551 86.713493 185
304.665436 467.058014 218

304.665436 467.058014 218
134.773560 400.271851 6

134.773560 400.271851 6
94.844101 484.379822 64

94.844101 484.379822 64
490.963623 452.745270 418

490.963623 452.745270 418
318.298004 366.209412 150

355.146179 406.200439 171
324.482300 14.840812 109

324.482300 14.840812 109
433.777344 369.379028 221

433.777344 369.379028 221
457.137482 459.873291 297

457.137482 459.873291 297
77.649651 104.919044 394

77.649651 104.919044 394
76.762703 356.084351 81

76.762703 356.084351 81
36.318123 45.908482 416

36.318123 45.908482 416
144.233353 132.089996 315

144.233353 132.089996 315
142.206757 101.895210 77

391.286621 459.630676 183
451.073608 343.624451 107

451.073608 343.624451 107
433.098877 484.040100 21

433.098877 484.040100 21
2.663970 462.447418 200

2.663970 462.447418 200
426.772583 412.134979 461

150.238251 84.655701 188
140.255356 360.643616 232

140.255356 360.643616 232
456.656342 340.243195 147

456.656342 340.243195 147
385.540405 23.584396 278

385.540405 23.584396 278
275.344879 229.311462 468

275.344879 229.311462 468
7.336884 212.493683 145

7.336884 212.493683 145
447.113647 458.775177 410

447.113647 458.775177 410
156.019928 227.338135 464

156.019928 227.338135 464
184.064026 70.946396 340

418.638947 71.942566 191
271.380798 479.424896 44

271.380798 479.424896 44
112.569183 245.191071 180

112.569183 245.191071 180
229.883408 400.892426 83

229.883408 400.892426 83
46.209217 427.675293 399

46.209217 427.675293 399
271.614044 232.917633 368

271.614044 232.917633 368
426.909912 340.478333 47

426.909912 340.478333 47
223.937637 410.596649 384

223.937637 410.596649 384
47.991840 487.348145 351

47.991840 487.348145 351
340.939209 50.186039 378

479.123535 75.856506 192
332.409698 325.163055 318

332.409698 325.163055 318
18.359392 293.714813 497

18.359392 293.714813 497
53.934036 96.355263 104

53.934036 96.355263 104
462.903229 284.294586 295

462.903229 284.294586 295
376.863617 449.056335 157

376.863617 449.056335 157
294.351593 195.540756 387

95.471916 490.632355 193
260.239502 383.731232 134

260.239502 383.731232 134
374.447815 487.387604 123

374.447815 487.387604 123
127.297729 227.233643 7

127.297729 227.233643 7
182.892746 111.574379 107

182.892746 111.574379 107
124.265846 288.299255 190

124.265846 288.299255 190
339.255341 313.589233 99

339.255341 313.589233 99
417.866028 380.379944 443

417.866028 380.379944 443
471.570709 11.586369 33

274.149200 78.108040 196
162.323715 100.792618 479

162.323715 100.792618 479
305.349365 161.649399 312

305.349365 161.649399 312
198.807632 83.936813 65

198.807632 83.936813 65
146.980911 77.150467 26

146.980911 77.150467 26
135.715805 355.743774 346

135.715805 355.743774 346
225.973724 454.970093 146

190.803436 353.405853 206
50.578297 63.157471 164

50.578297 63.157471 164
138.352005 82.152008 395

138.352005 82.152008 395
430.706970 257.606598 199

430.706970 257.606598 199
247.246170 61.201008 447

247.246170 61.201008 447
187.558289 460.754211 448

59.957981 418.794342 209
294.683624 476.943420 76

294.683624 476.943420 76
157.900513 349.140900 145

157.900513 349.140900 145
136.097794 383.059235 313

136.097794 383.059235 313
62.357872 264.376953 382

62.357872 264.376953 382
328.969299 238.409134 243

328.969299 238.409134 243
381.845551 335.686188 58

381.845551 335.686188 58
71.071953 183.175507 40

398.329773 439.262329 210
486.471039 32.275051 372

486.471039 32.275051 372
21.536709 172.941589 312

21.536709 172.941589 312
295.821320 380.756317 479

190.417496 449.926117 211
412.987701 1.953155 38

412.987701 1.953155 38
225.368027 40.220825 0

225.368027 40.220825 0
185.301514 405.416412 489

185.301514 405.416412 489
392.830597 422.800873 425

392.830597 422.800873 425
74.232368 361.536438 477

74.232368 361.536438 477
456.596161 456.094849 316

408.266846 47.489494 216
0.272542 431.755371 177

0.272542 431.755371 177
431.154053 264.895782 128

431.154053 264.895782 128
469.194092 293.151367 10

469.194092 293.151367 10
237.369354 160.220169 116

237.369354 160.220169 116
28.248846 316.935364 356

309.515015 222.087982 244
458.735077 6.889462 253

458.735077 6.889462 253
458.735077 6.889462 253

172.375351 426.486267 247
450.283783 489.201904 368

450.283783 489.201904 368
472.964966 447.865204 399

472.964966 447.865204 399
91.643272 11.212767 83

91.643272 11.212767 83
408.918274 176.565765 476

408.918274 176.565765 476
70.465889 6.974548 9

70.465889 6.974548 9
231.891006 269.980652 27

231.891006 269.980652 27
247.544617 278.993988 483

247.544617 278.993988 483
57.555229 341.464874 181

57.555229 341.464874 181
8.431435 472.590729 268

8.431435 472.590729 268
318.972717 380.171722 32

114.089844 330.755920 255
156.175049 164.887939 349

156.175049 164.887939 349
392.523041 13.309508 459

392.523041 13.309508 459
409.428284 417.811462 132

409.428284 417.811462 132
53.057404 80.541489 138

53.057404 80.541489 138
366.148621 418.344482 178

366.148621 418.344482 178
153.211212 286.060455 427

160.464310 128.061646 266
484.690033 42.462914 92

484.690033 42.462914 92
44.495670 240.200394 473

44.495670 240.200394 473
413.806976 57.659210 430

413.806976 57.659210 430
270.310974 235.341049 426

270.310974 235.341049 426
91.430458 284.007141 79

91.430458 284.007141 79
445.111572 111.605881 283

16.609161 446.352936 267
318.812653 495.806732 276

318.812653 495.806732 276
372.049408 397.910645 336

372.049408 397.910645 336
416.978424 304.789825 265

416.978424 304.789825 265
295.660614 371.774445 309

295.660614 371.774445 309
259.926453 347.497192 241

259.926453 347.497192 241
118.701729 113.550873 487

118.701729 113.550873 487
334.317566 171.518677 81

334.317566 171.518677 81
75.375679 418.714050 394

75.375679 418.714050 394
258.056458 406.374054 168

258.056458 406.374054 168
320.044586 215.818283 462

320.044586 215.818283 462
261.927216 392.554840 101

261.927216 392.554840 101
429.569153 10.706038 397

236.455109 163.014023 270
235.426163 262.126709 481

235.426163 262.126709 481
367.408112 307.339722 293

367.408112 307.339722 293
400.251251 405.771332 321

400.251251 405.771332 321
463.209595 16.673416 111

463.209595 16.673416 111
406.527130 434.934357 251

406.527130 434.934357 251
212.277527 287.294312 471

212.277527 287.294312 471
289.317078 417.251648 474

289.317078 417.251648 474
20.404100 30.313461 13

20.404100 30.313461 13
247.435837 245.870316 107

247.435837 245.870316 107
315.556610 343.383209 7

108.602943 44.096111 284
486.452576 192.956329 231

486.452576 192.956329 231
168.688629 251.227798 147

168.688629 251.227798 147
130.549515 17.082184 232

130.549515 17.082184 232
390.349823 441.306396 272

390.349823 441.306396 272
377.711243 468.584656 248

377.711243 468.584656 248
30.269474 406.393585 479

30.269474 406.393585 479
100.058197 288.827393 196

100.058197 288.827393 196
108.804527 458.078186 495

477.473694 164.361771 288
330.718079 26.792198 112

330.718079 26.792198 112
83.765121 467.631805 391

83.765121 467.631805 391
160.756744 390.799622 53

160.756744 390.799622 53
359.158661 478.444458 347

359.158661 478.444458 347
202.652161 252.140457 190

202.652161 252.140457 190
460.431946 208.467606 107

460.431946 208.467606 107
428.665985 15.470802 186

428.665985 15.470802 186
283.364594 72.739807 384

283.364594 72.739807 384
243.198074 455.331207 414

323.141418 440.340668 291
437.210205 156.025253 286

437.210205 156.025253 286
449.997833 8.561193 355

449.997833 8.561193 355
28.883606 192.729599 273

28.883606 192.729599 273
58.690189 298.156342 419

58.690189 298.156342 419
92.449280 205.692703 165

92.449280 205.692703 165
366.735901 115.441444 197

366.735901 115.441444 197
431.684784 405.695496 15

431.684784 405.695496 15
322.553528 28.759480 97

322.553528 28.759480 97
112.186432 419.920197 491

89.657936 45.739532 298
60.047478 322.509583 239

60.047478 322.509583 239
290.954956 223.466370 319

290.954956 223.466370 319
68.324806 403.680298 435

68.324806 403.680298 435
359.639313 137.424118 480

359.639313 137.424118 480
204.434006 309.880707 205

204.434006 309.880707 205
290.787231 371.801544 133

290.787231 371.801544 133
489.152710 472.959991 135

126.808372 313.575745 303
367.232849 317.253967 343

367.232849 317.253967 343
422.841339 420.412262 376

422.841339 420.412262 376
80.889671 128.422729 468

80.889671 128.422729 468
301.677185 83.441254 81

301.677185 83.441254 81
292.201080 187.929840 487

292.201080 187.929840 487
213.943985 10.802269 103

356.847473 201.926804 333
25.567501 184.730911 460

25.567501 184.730911 460
327.999207 486.628662 353

327.999207 486.628662 353
413.024200 80.274254 348

413.024200 80.274254 348
434.647552 163.780807 417

434.647552 163.780807 417
158.794647 458.033844 441

158.794647 458.033844 441
340.658569 383.685516 302

340.658569 383.685516 302
82.976074 168.789917 3

271.185913 316.295319 351
119.074226 401.912048 384

119.074226 401.912048 384
387.966217 13.163418 186

387.966217 13.163418 186
261.787079 331.240967 107

261.787079 331.240967 107
14.946878 1.917392 361

14.946878 1.917392 361
213.939346 444.314453 0

213.939346 444.314453 0
141.685989 74.192612 142

141.685989 74.192612 142
21.349072 314.234192 348

21.349072 314.234192 348
130.637192 143.019318 353

17.685980 340.730530 367
486.019531 279.480682 385

486.019531 279.480682 385
373.553772 245.337402 119

373.553772 245.337402 119
1.288980 31.188309 380

1.288980 31.188309 380
128.937775 264.661469 383

128.937775 264.661469 383
215.344849 320.815277 452

215.344849 320.815277 452
75.245079 275.149109 411

75.245079 275.149109 411
335.511017 163.131393 82

335.511017 163.131393 82
460.141205 358.135864 130

460.141205 358.135864 130
320.298035 349.699860 415

320.298035 349.699860 415
180.035507 469.951263 184

180.035507 469.951263 184
48.313797 369.796143 65

48.313797 369.796143 65
137.221542 230.024277 324

284.024750 191.227554 370
478.097961 55.012882 36

478.097961 55.012882 36
246.428574 275.656677 355

246.428574 275.656677 355
225.947144 124.680191 286

225.947144 124.680191 286
301.197174 464.781433 291

301.197174 464.781433 291
471.788269 271.663818 257

471.788269 271.663818 257
112.449768 430.871033 338

112.449768 430.871033 338
153.985626 483.364410 91

286.581757 146.399445 377
331.084625 111.792267 473

331.084625 111.792267 473
83.955498 182.955917 92

83.955498 182.955917 92
346.081238 275.395660 266

346.081238 275.395660 266
150.930283 214.902786 180

150.930283 214.902786 180
473.565369 437.816895 108

376.053497 290.905396 385
491.407715 488.454407 168

491.407715 488.454407 168
200.991638 361.484497 394

200.991638 361.484497 394
265.889618 326.019897 297

265.889618 326.019897 297
334.781799 310.901611 221

334.781799 310.901611 221
171.072601 487.258270 109

481.231262 28.088629 402
377.230042 151.924316 30

377.230042 151.924316 30
307.843201 439.171875 321

307.843201 439.171875 321
477.123230 424.545471 249

477.123230 424.545471 249
454.130737 46.666862 164

454.130737 46.666862 164
374.863739 83.728523 389

374.863739 83.728523 389
366.635193 197.473877 34

323.183289 287.489410 408
431.533997 300.080261 117

431.533997 300.080261 117
401.094696 362.246063 187

401.094696 362.246063 187
47.421871 262.428009 243

47.421871 262.428009 243
314.769257 267.339874 382

336.119415 448.116455 416
8.017331 468.230743 437

8.017331 468.230743 437
108.278099 299.034119 337

108.278099 299.034119 337
445.254395 65.193054 484

445.254395 65.193054 484
256.462341 191.858612 390

256.462341 191.858612 390
338.184204 268.892090 87

338.184204 268.892090 87
128.342926 222.251083 388

128.342926 222.251083 388
13.802528 69.998383 423

13.802528 69.998383 423
396.770538 159.392380 212

396.770538 159.392380 212
142.541168 461.328766 53

2.610058 1.815587 424
386.595154 287.969849 217

386.595154 287.969849 217
468.892883 191.523224 27

468.892883 191.523224 27
179.732620 461.832123 329

179.732620 461.832123 329
187.432281 298.504913 492

187.432281 298.504913 492
259.968903 174.576874 234

229.416992 445.491211 426
340.029083 252.114243 430

340.029083 252.114243 430
259.732727 144.565964 473

259.732727 144.565964 473
170.647537 13.345659 35

170.647537 13.345659 35
142.455017 83.205376 44

142.455017 83.205376 44
463.454926 269.936096 390

463.454926 269.936096 390
441.049347 401.410767 467

442.826019 186.252625 435
17.227083 323.774414 319

17.227083 323.774414 319
334.356750 208.772537 360

334.356750 208.772537 360
455.502502 489.282776 156

455.502502 489.282776 156
250.385040 140.162979 335

250.385040 140.162979 335
207.878143 31.823009 316

207.878143 31.823009 316
98.263832 387.553528 477

98.263832 387.553528 477
52.914856 59.544830 453

257.385986 36.914944 445
293.364685 97.862419 259

293.364685 97.862419 259
321.401581 109.692749 431

321.401581 109.692749 431
390.226379 256.914612 352

390.226379 256.914612 352
461.956146 93.378868 27

461.956146 93.378868 27
144.706573 146.742767 420

144.706573 146.742767 420
357.093140 264.503143 60

357.093140 264.503143 60
498.816803 433.898590 403

498.816803 433.898590 403
497.912811 271.948944 154

497.912811 271.948944 154
239.126083 201.783630 457

239.126083 201.783630 457
302.809021 304.688843 165

302.809021 304.688843 165
365.108917 460.578247 419

441.805359 125.102371 449
326.000519 489.754272 461

326.000519 489.754272 461
339.079987 262.649323 200

339.079987 262.649323 200
115.036728 311.520752 455

115.036728 311.520752 455
149.978256 235.909409 439

149.978256 235.909409 439
269.272369 254.383331 116

102.057518 254.889069 452
191.870178 121.251640 383

191.870178 121.251640 383
430.933594 156.769775 5

430.933594 156.769775 5
435.925354 318.386017 114

435.925354 318.386017 114
24.104893 68.797890 162

24.104893 68.797890 162
21.184980 188.595657 343

21.184980 188.595657 343
305.128082 315.123962 275

305.128082 315.123962 275
306.986145 79.613297 319

334.067871 249.516434 482
471.940674 368.990906 391

471.940674 368.990906 391
90.161858 299.535736 112

90.161858 299.535736 112
134.571823 29.428869 371

134.571823 29.428869 371
43.709457 244.495956 457

43.709457 244.495956 457
46.176254 210.782761 154

46.176254 210.782761 154
310.766815 89.126617 403

310.766815 89.126617 403
235.885864 81.514984 443

235.885864 81.514984 443
119.355949 462.360046 362

119.355949 462.360046 362
405.093933 21.045893 496

33.763618 243.125854 483
190.676117 200.617218 54

190.676117 200.617218 54
327.894745 73.040573 180

327.894745 73.040573 180
476.834198 389.231567 44

476.834198 389.231567 44
222.801208 370.620636 35

222.801208 370.620636 35
488.876129 437.266998 334

298.367798 390.607239 490
246.622391 168.812393 367

246.622391 168.812393 367
55.746078 15.082807 448

55.746078 15.082807 448
214.780624 489.407867 447

214.780624 489.407867 447
1.967609 449.622040 62

1.967609 449.622040 62
427.857330 183.354263 334

427.857330 183.354263 334
431.246582 191.002899 1

431.246582 191.002899 1
382.989624 87.669250 488

382.989624 87.669250 488
256.968658 422.198151 10

404.152802 245.707153 494
463.520447 282.573273 495

463.520447 282.573273 495
325.249512 12.284697 216

325.249512 12.284697 216
166.426956 344.745270 218

166.426956 344.745270 218
348.330627 445.212677 194

348.330627 445.212677 194
86.456062 61.054169 89

86.456062 61.054169 89
30.886768 411.572449 488

7.742554 125.929176 3
126.289276 423.642456 56

126.289276 423.642456 56
48.662632 207.985336 168

48.662632 207.985336 168
144.832047 257.010345 394

144.832047 257.010345 394
58.848946 435.206848 327

58.848946 435.206848 327
488.956390 16.964287 154

488.956390 16.964287 154
204.967224 3.832340 428

204.967224 3.832340 428
169.194016 301.722290 239

169.194016 301.722290 239
104.579834 50.008862 185

104.579834 50.008862 185
325.668762 73.085785 308

325.668762 73.085785 308
466.850952 83.537193 358

399.855927 276.902191 6
297.677307 323.856476 218

297.677307 323.856476 218
104.579834 50.008862 185

104.579834 50.008862 185
169.194016 301.722290 239

169.194016 301.722290 239
417.618439 416.845612 319

3.431886 200.446075 8
260.181122 487.378510 343

260.181122 487.378510 343
357.259857 194.999695 303

357.259857 194.999695 303
367.081329 136.579895 461

367.081329 136.579895 461
380.077118 205.970947 340

81.688972 309.366180 9
491.136475 354.864227 476

491.136475 354.864227 476
156.843369 30.552954 83

156.843369 30.552954 83
277.149384 105.469048 399

277.149384 105.469048 399
323.062164 157.814713 368

456.842499 27.325661 10
337.693329 192.220306 128

337.693329 192.220306 128
258.062531 398.092957 177

258.062531 398.092957 177
482.926025 373.248199 216

482.926025 373.248199 216
374.310303 130.150711 495

374.310303 130.150711 495
383.130127 476.533966 196

383.130127 476.533966 196
473.590668 437.884521 479

473.590668 437.884521 479
157.805206 457.844757 312

157.805206 457.844757 312
114.572701 284.323090 281

114.572701 284.323090 281
177.058167 161.867172 174

177.058167 161.867172 174
158.913635 249.297852 433

158.913635 249.297852 433
249.647614 207.480576 417

352.344269 69.368515 15
281.786194 349.850861 197

281.786194 349.850861 197
417.786285 72.021454 194

417.786285 72.021454 194
223.154694 291.656281 439

223.154694 291.656281 439
492.962280 427.325653 149

492.962280 427.325653 149
80.908897 338.030090 325

80.908897 338.030090 325
241.123260 313.661804 446

241.123260 313.661804 446
83.747360 58.147667 78

83.747360 58.147667 78
135.098999 304.425018 12

135.098999 304.425018 12
77.163132 332.462830 152

345.849579 315.786804 17
310.950745 432.801178 21

310.950745 432.801178 21
122.089027 236.266907 107

122.089027 236.266907 107
271.226410 335.250824 7

271.226410 335.250824 7
389.075562 28.698086 440

332.255829 85.866722 22
137.457214 449.288818 25

137.457214 449.288818 25
188.217316 496.569183 246

188.217316 496.569183 246
123.802986 140.305634 157

123.802986 140.305634 157
117.980835 80.943703 463

117.980835 80.943703 463
98.811745 69.544197 159

98.811745 69.544197 159
455.612244 396.402222 134

455.612244 396.402222 134
437.276489 321.876221 132

437.276489 321.876221 132
320.343201 160.357147 459

320.343201 160.357147 459
268.306305 162.144150 195

474.211792 112.595856 27
81.688972 309.366180 9

81.688972 309.366180 9
6.838560 444.624115 397

6.838560 444.624115 397
194.193008 116.153183 46

194.193008 116.153183 46
105.490509 461.516724 162

105.490509 461.516724 162
274.930084 85.577042 114

274.930084 85.577042 114
223.493225 375.621490 5

223.493225 375.621490 5
60.562729 150.403824 50

60.562729 150.403824 50
102.127876 168.461166 389

102.127876 168.461166 389
269.194092 200.230545 407

53.813965 173.900299 37
421.743225 167.890015 189

421.743225 167.890015 189
223.121613 409.752258 213

223.121613 409.752258 213
435.205780 336.835175 234

435.205780 336.835175 234
320.343201 160.357147 459

320.343201 160.357147 459
437.276489 321.876221 132

437.276489 321.876221 132
455.612244 396.402222 134

290.880951 336.811401 41
485.388733 235.488953 259

485.388733 235.488953 259
266.373779 180.189346 306

266.373779 180.189346 306
315.779327 441.386078 262

315.779327 441.386078 262
169.194016 301.722290 239

169.194016 301.722290 239
102.531731 168.707108 298

102.531731 168.707108 298
258.062531 398.092957 177

258.062531 398.092957 177
337.693329 192.220306 128

37.016632 98.105103 44
126.289276 423.642456 56

126.289276 423.642456 56
476.449768 57.385773 99

476.449768 57.385773 99
347.115997 492.582336 186

347.115997 492.582336 186
413.324341 452.099701 175

126.289276 423.642456 56
37.016632 98.105103 44

37.016632 98.105103 44
148.741150 190.156845 180

148.741150 190.156845 180
372.425323 92.228386 447

372.425323 92.228386 447
223.121613 409.752258 213

223.121613 409.752258 213
50.424011 348.647125 82

50.424011 348.647125 82
465.838623 309.032562 130

465.838623 309.032562 130
149.640167 221.605576 23

149.640167 221.605576 23
410.708832 462.318451 140

410.708832 462.318451 140
405.127441 441.901398 47

115.992249 59.356689 69
4.143059 269.291138 345

4.143059 269.291138 345
135.746506 9.945541 75

135.746506 9.945541 75
215.927002 48.854290 351

215.927002 48.854290 351
291.950104 453.675171 384

441.388977 186.641876 70
397.907288 296.080048 372

397.907288 296.080048 372
57.538898 314.460052 210

57.538898 314.460052 210
104.579834 50.008862 185

151.676086 399.951050 71
483.163940 214.159454 257

483.163940 214.159454 257
201.079346 344.119324 444

201.079346 344.119324 444
237.268478 392.939728 94

237.268478 392.939728 94
432.035278 222.219116 36

432.035278 222.219116 36
376.299683 307.167725 370

376.299683 307.167725 370
315.779327 441.386078 262

315.779327 441.386078 262
266.373779 180.189346 306

83.747360 58.147667 78
241.123260 313.661804 446

241.123260 313.661804 446
80.908897 338.030090 325

80.908897 338.030090 325
492.962280 427.325653 149

492.962280 427.325653 149
223.154694 291.656281 439

223.154694 291.656281 439
417.786285 72.021454 194

417.786285 72.021454 194
227.442719 138.797913 225

275.767029 106.863617 85
150.052872 50.887318 375

150.052872 50.887318 375
232.591309 124.396774 416

232.591309 124.396774 416
371.855774 299.673645 81

371.855774 299.673645 81
144.832047 257.010345 394

144.832047 257.010345 394
354.260132 35.922466 297

354.260132 35.922466 297
422.970551 251.301788 221

422.970551 251.301788 221
386.836945 192.990356 182

498.581909 340.908813 101
6.838560 444.624115 397

6.838560 444.624115 397
81.688972 309.366180 9

81.688972 309.366180 9
474.211792 112.595856 27

474.211792 112.595856 27
364.763672 296.729370 420

364.763672 296.729370 420
7.129312 379.351105 60

7.129312 379.351105 60
122.326370 242.530670 73

122.326370 242.530670 73
462.774597 490.443085 365

462.774597 490.443085 365
450.371643 228.010895 163

450.371643 228.010895 163
349.448578 248.283447 14

29.751183 385.393005 120
108.064888 71.145920 31

108.064888 71.145920 31
435.998169 330.832520 241

435.998169 330.832520 241
57.751892 320.665466 309

57.751892 320.665466 309
50.110935 220.880203 151

50.110935 220.880203 151
406.230835 401.923767 146

406.230835 401.923767 146
27.932644 216.476913 390

27.932644 216.476913 390
342.191040 236.365494 484

66.896286 320.241852 122
292.024689 263.570709 264

292.024689 263.570709 264
371.524811 322.290314 250

371.524811 322.290314 250
386.836945 192.990356 182

386.836945 192.990356 182
422.970551 251.301788 221

422.970551 251.301788 221
497.118927 474.387909 402

260.658295 396.381714 136
425.932465 303.889984 249

425.932465 303.889984 249
86.623398 389.048035 321

86.623398 389.048035 321
66.745255 83.464172 293

66.745255 83.464172 293
96.789452 377.142761 346

96.789452 377.142761 346
406.230835 401.923767 146

406.230835 401.923767 146
50.110935 220.880203 151

50.110935 220.880203 151
57.751892 320.665466 309

57.751892 320.665466 309
96.214531 261.121246 265

56.040852 330.551025 141
433.914764 76.663673 292

433.914764 76.663673 292
114.572701 284.323090 281

114.572701 284.323090 281
157.805206 457.844757 312

157.805206 457.844757 312
462.149597 443.105988 65

462.149597 443.105988 65
16.039192 302.183258 276

16.039192 302.183258 276
196.217331 54.899754 113

295.807983 3.567249 156
213.324692 274.350708 411

213.324692 274.350708 411
273.517853 439.555756 452

273.517853 439.555756 452
461.581055 215.514038 127

461.581055 215.514038 127
123.802986 140.305634 157

123.802986 140.305634 157
236.435532 119.589325 295

236.435532 119.589325 295
455.612244 396.402222 134

455.612244 396.402222 134
252.598785 422.516083 311

252.598785 422.516083 311
456.692902 494.726135 29

98.811745 69.544197 159
117.980835 80.943703 463

117.980835 80.943703 463
123.802986 140.305634 157

123.802986 140.305634 157
237.268478 392.939728 94

237.268478 392.939728 94
474.785492 206.213501 277

449.318542 267.014709 160
7.129490 180.702057 87

7.129490 180.702057 87
4.866153 181.510620 42

4.866153 181.510620 42
258.228271 456.328278 48

258.228271 456.328278 48
486.803314 124.059380 434

394.245544 419.702789 165
281.786194 349.850861 197

281.786194 349.850861 197
352.344269 69.368515 15

352.344269 69.368515 15
487.198578 341.282227 97

487.198578 341.282227 97
123.624977 464.672150 426

123.624977 464.672150 426
401.682587 384.679352 161

401.682587 384.679352 161
432.876801 3.144383 260

229.349106 382.929535 166
72.206795 334.124603 381

72.206795 334.124603 381
342.525238 150.779221 123

342.525238 150.779221 123
271.226410 335.250824 7

271.226410 335.250824 7
122.089027 236.266907 107

122.089027 236.266907 107
137.342361 295.156006 385

137.342361 295.156006 385
425.093994 494.666901 119

425.093994 494.666901 119
373.884918 357.375366 294

373.884918 357.375366 294
201.079346 344.119324 444

201.079346 344.119324 444
483.163940 214.159454 257

48.662632 207.985336 168
137.342361 295.156006 385

137.342361 295.156006 385
122.089027 236.266907 107

122.089027 236.266907 107
468.096344 22.032351 13

343.212708 169.880951 171
194.915421 250.727448 109

194.915421 250.727448 109
422.970551 251.301788 221

422.970551 251.301788 221
354.260132 35.922466 297

354.260132 35.922466 297
144.832047 257.010345 394

144.832047 257.010345 394
371.855774 299.673645 81

371.855774 299.673645 81
478.855682 419.296021 487

478.855682 419.296021 487
18.167614 385.418884 103

18.167614 385.418884 103
493.903564 370.857300 331

493.903564 370.857300 331
236.029892 451.718170 150

236.029892 451.718170 150
406.806183 46.451958 418

406.806183 46.451958 418
103.289368 129.605713 455

103.289368 129.605713 455
261.753815 153.961182 480

331.281738 483.030884 183
122.089027 236.266907 107

122.089027 236.266907 107
223.493225 375.621490 5

223.493225 375.621490 5
274.930084 85.577042 114

274.930084 85.577042 114
105.490509 461.516724 162

105.490509 461.516724 162
283.255707 368.070129 61

283.255707 368.070129 61
391.721741 166.008530 286

391.721741 166.008530 286
449.954224 281.051483 355

397.427399 238.423203 187
62.265007 57.230057 238

62.265007 57.230057 238
174.518372 453.162720 453

174.518372 453.162720 453
122.922661 189.602173 230

122.922661 189.602173 230
233.135010 178.341156 184

233.135010 178.341156 184
462.149597 443.105988 65

462.149597 443.105988 65
469.465210 146.746994 324

417.786285 72.021454 194
486.496368 475.500122 89

486.496368 475.500122 89
318.630219 246.925705 488

318.630219 246.925705 488
230.616547 108.127563 1

230.616547 108.127563 1
462.774597 490.443085 365

462.774597 490.443085 365
122.326370 242.530670 73

122.326370 242.530670 73
7.129312 379.351105 60

7.129312 379.351105 60
364.763672 296.729370 420

364.763672 296.729370 420
474.211792 112.595856 27

474.211792 112.595856 27
426.907745 325.181061 283

295.900055 337.281769 198
316.836609 290.054413 392

316.836609 290.054413 392
483.057007 330.997040 204

483.057007 330.997040 204
258.228271 456.328278 48

258.228271 456.328278 48
4.866153 181.510620 42

57.538898 314.460052 210
290.041290 218.594666 116

290.041290 218.594666 116
166.262741 470.789886 356

166.262741 470.789886 356
465.838623 309.032562 130

465.838623 309.032562 130
50.424011 348.647125 82

50.424011 348.647125 82
223.121613 409.752258 213

223.121613 409.752258 213
421.743225 167.890015 189

421.743225 167.890015 189
150.052872 50.887318 375

108.612213 101.509003 212
295.807983 3.567249 156

295.807983 3.567249 156
453.334045 125.920059 360

453.334045 125.920059 360
79.801559 298.715546 437

79.801559 298.715546 437
140.692108 340.459412 337

223.121613 409.752258 213
372.425323 92.228386 447

372.425323 92.228386 447
234.748337 351.682220 199

234.748337 351.682220 199
155.341324 251.605606 443

155.341324 251.605606 443
479.524902 31.176208 362

479.524902 31.176208 362
457.991241 464.983459 43

457.991241 464.983459 43
387.079681 303.384918 400

387.079681 303.384918 400
330.111847 463.218903 261

330.111847 463.218903 261
255.964996 144.285706 201

482.926025 373.248199 216
258.062531 398.092957 177

258.062531 398.092957 177
421.820007 462.389740 169

421.820007 462.389740 169
333.538391 353.434082 124

333.538391 353.434082 124
117.628929 140.002731 442

117.628929 140.002731 442
79.801559 298.715546 437

380.505585 460.793915 217
474.211792 112.595856 27

474.211792 112.595856 27
169.154999 99.150299 483

169.154999 99.150299 483
409.489624 472.249573 181

409.489624 472.249573 181
92.791977 282.819580 93

92.791977 282.819580 93
469.465210 146.746994 324

469.465210 146.746994 324
462.149597 443.105988 65

462.149597 443.105988 65
157.805206 457.844757 312

157.805206 457.844757 312
473.590668 437.884521 479

209.376968 396.455719 222
241.123260 313.661804 446

241.123260 313.661804 446
401.855103 123.958023 72

401.855103 123.958023 72
236.435532 119.589325 295

236.435532 119.589325 295
123.802986 140.305634 157

123.802986 140.305634 157
7.129312 379.351105 60

7.129312 379.351105 60
192.351578 156.806381 403

192.351578 156.806381 403
155.341324 251.605606 443

155.341324 251.605606 443
234.748337 351.682220 199

168.717178 138.059738 224
474.785492 206.213501 277

474.785492 206.213501 277
381.297668 157.059433 54

381.297668 157.059433 54
148.741150 190.156845 180

148.741150 190.156845 180
387.472107 94.474464 266

387.472107 94.474464 266
404.551178 365.876556 63

192.723450 370.387726 236
229.665543 107.993576 357

229.665543 107.993576 357
27.932644 216.476913 390

20.612419 204.638565 237
96.997917 111.554268 74

96.997917 111.554268 74
220.142960 467.242889 412

220.142960 467.242889 412
357.051636 412.947479 117

357.051636 412.947479 117
494.720703 82.052261 59

62.265007 57.230057 238
121.035637 423.104370 272

121.035637 423.104370 272
387.387604 92.608093 51

387.387604 92.608093 51
497.118927 474.387909 402

497.118927 474.387909 402
277.149384 105.469048 399

277.149384 105.469048 399
263.710571 409.249054 2

435.998169 330.832520 241
292.024689 263.570709 264

292.024689 263.570709 264
66.896286 320.241852 122

66.896286 320.241852 122
387.079681 303.384918 400

322.154572 333.332611 252
200.767731 175.081131 482

200.767731 175.081131 482
495.978027 475.249237 391

495.978027 475.249237 391
165.599106 97.457466 106

315.779327 441.386078 262
376.299683 307.167725 370

376.299683 307.167725 370
432.035278 222.219116 36

432.035278 222.219116 36
449.954224 281.051483 355

449.954224 281.051483 355
345.849579 315.786804 17

345.849579 315.786804 17
409.489624 472.249573 181

409.489624 472.249573 181
169.154999 99.150299 483

169.154999 99.150299 483
474.211792 112.595856 27

474.211792 112.595856 27
473.099213 35.793961 352

292.024689 263.570709 264
488.956390 16.964287 154

488.956390 16.964287 154
356.668457 97.358345 226

356.668457 97.358345 226
6.037622 28.997988 76

6.037622 28.997988 76
9.773374 320.720978 145

9.773374 320.720978 145
189.406906 88.579178 468

189.406906 88.579178 468
113.602371 484.840027 278

113.602371 484.840027 278
22.029966 488.179474 342

75.119347 7.677168 267
462.149597 443.105988 65

462.149597 443.105988 65
11.599838 111.579956 26

11.599838 111.579956 26
96.789452 377.142761 346

96.789452 377.142761 346
66.745255 83.464172 293

66.745255 83.464172 293
454.548798 481.157349 481

454.548798 481.157349 481
252.328064 134.156281 270

252.328064 134.156281 270
54.171860 84.126381 227

54.171860 84.126381 227
141.231689 478.909180 302

489.503296 35.991459 268
409.489624 472.249573 181

409.489624 472.249573 181
345.849579 315.786804 17

345.849579 315.786804 17
326.112640 473.681976 335

326.112640 473.681976 335
182.075180 229.213501 316

182.075180 229.213501 316
281.550262 379.721954 383

281.550262 379.721954 383
116.205719 366.910095 380

116.205719 366.910095 380
425.093994 494.666901 119

425.093994 494.666901 119
137.342361 295.156006 385

183.193802 44.562637 271
398.056427 162.225723 214

398.056427 162.225723 214
271.899872 454.682343 421

271.899872 454.682343 421
458.474548 197.085114 498

458.474548 197.085114 498
128.098694 298.256348 139

128.098694 298.256348 139
496.097961 179.150040 282

496.097961 179.150040 282
31.099648 136.389999 348

114.572701 284.323090 281
114.775810 325.682281 305

114.775810 325.682281 305
159.950882 453.916199 379

159.950882 453.916199 379
393.892853 122.114418 170

393.892853 122.114418 170
122.326370 242.530670 73

122.326370 242.530670 73
79.591751 295.822540 280

79.591751 295.822540 280
8.920312 488.662079 62

8.920312 488.662079 62
372.425323 92.228386 447

488.266174 493.841461 284
261.753815 153.961182 480

261.753815 153.961182 480
413.270203 156.582260 205

413.270203 156.582260 205
2.655476 92.598137 133

433.760193 63.383579 285
337.693329 192.220306 128

337.693329 192.220306 128
397.427399 238.423203 187

397.427399 238.423203 187
29.536932 145.311295 243

29.536932 145.311295 243
335.936707 255.869217 382

335.936707 255.869217 382
128.098694 298.256348 139

66.745255 83.464172 293
86.623398 389.048035 321

86.623398 389.048035 321
356.668457 97.358345 226

356.668457 97.358345 226
488.956390 16.964287 154

488.956390 16.964287 154
192.351578 156.806381 403

192.351578 156.806381 403
466.850952 83.537193 358

466.850952 83.537193 358
325.668762 73.085785 308

325.668762 73.085785 308
104.579834 50.008862 185

104.579834 50.008862 185
297.677307 323.856476 218

297.677307 323.856476 218
316.836609 290.054413 392

316.836609 290.054413 392
323.067047 486.351685 57

357.208282 82.537857 300
37.095577 321.926331 310

37.095577 321.926331 310
55.436165 76.685486 20

55.436165 76.685486 20
30.559748 487.289276 430

30.559748 487.289276 430
105.490509 461.516724 162

105.490509 461.516724 162
260.181122 487.378510 343

260.181122 487.378510 343
2.153367 394.681976 275

74.429634 137.536682 317
141.719818 425.173645 228

141.719818 425.173645 228
282.070587 43.231277 332

282.070587 43.231277 332
435.205780 336.835175 234

435.205780 336.835175 234
223.121613 409.752258 213

223.121613 409.752258 213
394.401031 417.945343 422

394.401031 417.945343 422
84.761589 204.934296 475

84.761589 204.934296 475
59.891464 76.746376 279

205.046738 200.806168 323
192.723450 370.387726 236

192.723450 370.387726 236
350.707367 371.063446 16

350.707367 371.063446 16
22.679329 331.073303 173

22.679329 331.073303 173
196.469391 28.658421 436

72.054504 282.452881 326
480.058105 36.898643 471

480.058105 36.898643 471
183.057037 89.188782 64

183.057037 89.188782 64
406.806183 46.451958 418

406.806183 46.451958 418
236.029892 451.718170 150

167.851807 160.033859 328
92.791977 282.819580 93

92.791977 282.819580 93
391.721741 166.008530 286

391.721741 166.008530 286
283.255707 368.070129 61

283.255707 368.070129 61
255.784714 220.261551 245

255.784714 220.261551 245
227.093185 342.257599 288

464.094513 112.134514 329
141.725723 471.129730 492

141.725723 471.129730 492
156.843369 30.552954 83

156.843369 30.552954 83
148.741150 190.156845 180

148.741150 190.156845 180
37.016632 98.105103 44

37.016632 98.105103 44
222.083694 449.669525 35

222.083694 449.669525 35
252.343719 192.445068 334

252.343719 192.445068 334
230.616547 108.127563 1

230.616547 108.127563 1
134.613571 459.291779 200

134.613571 459.291779 200
310.950745 432.801178 21

203.379425 301.537262 339
202.054047 176.783386 39

202.054047 176.783386 39
102.531731 168.707108 298

102.531731 168.707108 298
169.194016 301.722290 239

169.194016 301.722290 239
393.892853 122.114418 170

393.892853 122.114418 170
159.950882 453.916199 379

247.983368 303.209900 349
220.209366 196.244568 24

220.209366 196.244568 24
60.095100 43.208866 45

60.095100 43.208866 45
495.978027 475.249237 391

495.978027 475.249237 391
468.008789 323.908997 112

468.008789 323.908997 112
174.429810 75.244278 371

327.729340 256.358551 350
104.579834 50.008862 185

104.579834 50.008862 185
465.068329 402.597809 40

465.068329 402.597809 40
21.941454 135.040253 58

21.941454 135.040253 58
197.051376 80.572960 386

197.051376 80.572960 386
453.334045 125.920059 360

177.523041 90.260895 366
112.867950 450.804291 92

112.867950 450.804291 92
387.472107 94.474464 266

387.472107 94.474464 266
497.005646 353.959991 144

497.005646 353.959991 144
74.758797 18.102736 336

74.758797 18.102736 336
16.039192 302.183258 276

151.035156 253.808762 374
453.305481 115.528732 499

453.305481 115.528732 499
53.813965 173.900299 37

53.813965 173.900299 37
174.429810 75.244278 371

174.429810 75.244278 371
468.008789 323.908997 112

468.008789 323.908997 112
227.093185 342.257599 288

227.093185 342.257599 288
401.855103 123.958023 72

281.550262 379.721954 383
182.075180 229.213501 316

182.075180 229.213501 316
326.112640 473.681976 335

326.112640 473.681976 335
114.775810 325.682281 305

114.775810 325.682281 305
204.967224 3.832340 428

204.967224 3.832340 428
488.956390 16.964287 154

488.956390 16.964287 154
220.142960 467.242889 412

220.142960 467.242889 412
176.320023 114.784035 322

469.885162 308.275787 406
439.254669 80.919388 142

439.254669 80.919388 142
297.398407 144.616577 0

297.398407 144.616577 0
396.982788 482.831482 38

396.982788 482.831482 38
9.773374 320.720978 145

406.806183 46.451958 418
188.217316 496.569183 246

188.217316 496.569183 246
137.457214 449.288818 25

137.457214 449.288818 25
358.743042 339.271088 494

358.743042 339.271088 494
96.214531 261.121246 265

96.214531 261.121246 265
57.751892 320.665466 309

57.751892 320.665466 309
435.998169 330.832520 241

435.998169 330.832520 241
496.097961 179.150040 282

271.899872 454.682343 421
398.056427 162.225723 214

398.056427 162.225723 214
318.434814 92.825592 307

318.434814 92.825592 307
461.900940 438.353455 126

461.900940 438.353455 126
268.048035 418.188110 409

268.048035 418.188110 409
160.327164 428.959717 410

428.351105 477.244537 427
263.946869 197.193680 354

263.946869 197.193680 354
40.500702 99.817810 493

40.500702 99.817810 493
223.673553 272.990906 53

223.673553 272.990906 53
108.612213 101.509003 212

108.612213 101.509003 212
174.404892 114.406525 423

174.404892 114.406525 423
232.930176 309.150055 388

232.930176 309.150055 388
7.129490 180.702057 87

7.129490 180.702057 87
27.932644 216.476913 390

27.932644 216.476913 390
208.760864 206.903488 467

208.760864 206.903488 467
364.763672 296.729370 420

131.926956 93.287170 449
367.081329 136.579895 461

367.081329 136.579895 461
134.613571 459.291779 200

134.613571 459.291779 200
230.616547 108.127563 1

230.616547 108.127563 1
223.493225 375.621490 5

174.518372 453.162720 453
280.419037 496.774963 460

280.419037 496.774963 460
243.594681 175.313858 353

243.594681 175.313858 353
31.099648 136.389999 348

31.099648 136.389999 348
249.647614 207.480576 417

249.647614 207.480576 417
158.913635 249.297852 433

158.913635 249.297852 433
177.058167 161.867172 174

177.058167 161.867172 174
149.931366 184.462494 148

256.148468 22.335022 454
63.777863 382.582977 364

63.777863 382.582977 364
453.305481 115.528732 499

453.305481 115.528732 499
357.259857 194.999695 303

357.259857 194.999695 303
260.181122 487.378510 343

260.181122 487.378510 343
399.373352 320.025635 192

399.373352 320.025635 192
473.787994 314.491272 318

473.787994 314.491272 318
8.335471 362.019562 344

103.289368 129.605713 455
223.154694 291.656281 439

223.154694 291.656281 439
122.922661 189.602173 230

122.922661 189.602173 230
174.518372 453.162720 453

174.518372 453.162720 453
364.455994 461.897980 477

364.455994 461.897980 477
173.752045 487.669708 425

173.752045 487.669708 425
151.035156 253.808762 374

151.035156 253.808762 374
59.891464 76.746376 279

59.891464 76.746376 279
84.761589 204.934296 475

366.627289 476.188507 456
72.206795 334.124603 381

72.206795 334.124603 381
315.273834 14.327884 18

315.273834 14.327884 18
484.190552 206.899338 131

484.190552 206.899338 131
1.065791 159.221771 88

453.022980 196.345413 466
331.281738 483.030884 183

331.281738 483.030884 183
213.481308 455.136292 188

213.481308 455.136292 188
85.699471 272.503967 232

85.699471 272.503967 232
141.901016 249.546356 147

141.901016 249.546356 147
113.602371 484.840027 278

304.163788 376.208221 469
232.930176 309.150055 388

232.930176 309.150055 388
174.404892 114.406525 423

174.404892 114.406525 423
108.612213 101.509003 212

108.612213 101.509003 212
223.673553 272.990906 53

491.136475 354.864227 476
60.095100 43.208866 45

60.095100 43.208866 45
220.209366 196.244568 24

220.209366 196.244568 24
247.983368 303.209900 349

247.983368 303.209900 349
447.099213 450.343384 255

447.099213 450.343384 255
233.680038 88.561478 129

233.680038 88.561478 129
323.967896 424.499603 191

323.967896 424.499603 191
143.062469 448.500061 235

200.767731 175.081131 482
322.154572 333.332611 252

322.154572 333.332611 252
220.142960 467.242889 412

220.142960 467.242889 412
262.190765 143.904388 80

262.190765 143.904388 80
492.532074 123.547073 369

492.532074 123.547073 369
255.964996 144.285706 201

255.964996 144.285706 201
330.111847 463.218903 261

330.111847 463.218903 261
100.970894 81.405190 49

7.742554 125.929176 3
126.289276 423.642456 56

126.289276 423.642456 56
48.662632 207.985336 168

48.662632 207.985336 168
144.832047 257.010345 394

144.832047 257.010345 394
58.848946 435.206848 327

58.848946 435.206848 327
488.956390 16.964287 154

488.956390 16.964287 154
204.967224 3.832340 428

204.967224 3.832340 428
169.194016 301.722290 239

169.194016 301.722290 239
104.579834 50.008862 185

104.579834 50.008862 185
325.668762 73.085785 308

325.668762 73.085785 308
466.850952 83.537193 358

399.855927 276.902191 6
297.677307 323.856476 218

297.677307 323.856476 218
104.579834 50.008862 185

104.579834 50.008862 185
169.194016 301.722290 239

169.194016 301.722290 239
417.618439 416.845612 319

3.431886 200.446075 8
260.181122 487.378510 343

260.181122 487.378510 343
357.259857 194.999695 303

357.259857 194.999695 303
367.081329 136.579895 461

367.081329 136.579895 461
380.077118 205.970947 340

81.688972 309.366180 9
491.136475 354.864227 476

491.136475 354.864227 476
156.843369 30.552954 83

156.843369 30.552954 83
277.149384 105.469048 399

277.149384 105.469048 399
323.062164 157.814713 368

456.842499 27.325661 10
337.693329 192.220306 128

337.693329 192.220306 128
258.062531 398.092957 177

258.062531 398.092957 177
482.926025 373.248199 216

482.926025 373.248199 216
374.310303 130.150711 495

374.310303 130.150711 495
383.130127 476.533966 196

383.130127 476.533966 196
473.590668 437.884521 479

473.590668 437.884521 479
157.805206 457.844757 312

157.805206 457.844757 312
114.572701 284.323090 281

114.572701 284.323090 281
177.058167 161.867172 174

177.058167 161.867172 174
158.913635 249.297852 433

158.913635 249.297852 433
249.647614 207.480576 417

352.344269 69.368515 15
281.786194 349.850861 197

281.786194 349.850861 197
417.786285 72.021454 194

417.786285 72.021454 194
223.154694 291.656281 439

223.154694 291.656281 439
492.962280 427.325653 149

492.962280 427.325653 149
80.908897 338.030090 325

80.908897 338.030090 325
241.123260 313.661804 446

241.123260 313.661804 446
83.747360 58.147667 78

83.747360 58.147667 78
135.098999 304.425018 12

135.098999 304.425018 12
77.163132 332.462830 152

345.849579 315.786804 17
310.950745 432.801178 21

310.950745 432.801178 21
122.089027 236.266907 107

122.089027 236.266907 107
271.226410 335.250824 7

271.226410 335.250824 7
389.075562 28.698086 440

332.255829 85.866722 22
137.457214 449.288818 25

137.457214 449.288818 25
188.217316 496.569183 246

188.217316 496.569183 246
123.802986 140.305634 157

123.802986 140.305634 157
117.980835 80.943703 463

117.980835 80.943703 463
98.811745 69.544197 159

98.811745 69.544197 159
455.612244 396.402222 134

455.612244 396.402222 134
437.276489 321.876221 132

437.276489 321.876221 132
320.343201 160.357147 459

320.343201 160.357147 459
268.306305 162.144150 195

474.211792 112.595856 27
81.688972 309.366180 9

81.688972 309.366180 9
6.838560 444.624115 397

6.838560 444.624115 397
194.193008 116.153183 46

194.193008 116.153183 46
105.490509 461.516724 162

105.490509 461.516724 162
274.930084 85.577042 114

274.930084 85.577042 114
223.493225 375.621490 5

223.493225 375.621490 5
60.562729 150.403824 50

60.562729 150.403824 50
102.127876 168.461166 389

102.127876 168.461166 389
269.194092 200.230545 407

53.813965 173.900299 37
421.743225 167.890015 189

421.743225 167.890015 189
223.121613 409.752258 213

223.121613 409.752258 213
435.205780 336.835175 234

435.205780 336.835175 234
320.343201 160.357147 459

320.343201 160.357147 459
437.276489 321.876221 132

437.276489 321.876221 132
455.612244 396.402222 134

290.880951 336.811401 41
485.388733 235.488953 259

485.388733 235.488953 259
266.373779 180.189346 306

266.373779 180.189346 306
315.779327 441.386078 262

315.779327 441.386078 262
169.194016 301.722290 239

169.194016 301.722290 239
102.531731 168.707108 298

102.531731 168.707108 298
258.062531 398.092957 177

258.062531 398.092957 177
337.693329 192.220306 128

37.016632 98.105103 44
126.289276 423.642456 56

126.289276 423.642456 56
476.449768 57.385773 99

476.449768 57.385773 99
347.115997 492.582336 186

347.115997 492.582336 186
413.324341 452.099701 175

126.289276 423.642456 56
37.016632 98.105103 44

37.016632 98.105103 44
148.741150 190.156845 180

148.741150 190.156845 180
372.425323 92.228386 447

372.425323 92.228386 447
223.121613 409.752258 213

223.121613 409.752258 213
50.424011 348.647125 82

50.424011 348.647125 82
465.838623 309.032562 130

465.838623 309.032562 130
149.640167 221.605576 23

149.640167 221.605576 23
410.708832 462.318451 140

410.708832 462.318451 140
405.127441 441.901398 47

115.992249 59.356689 69
4.143059 269.291138 345

4.143059 269.291138 345
135.746506 9.945541 75

135.746506 9.945541 75
215.927002 48.854290 351

215.927002 48.854290 351
291.950104 453.675171 384

441.388977 186.641876 70
397.907288 296.080048 372

397.907288 296.080048 372
57.538898 314.460052 210

57.538898 314.460052 210
104.579834 50.008862 185

151.676086 399.951050 71
483.163940 214.159454 257

483.163940 214.159454 257
201.079346 344.119324 444

201.079346 344.119324 444
237.268478 392.939728 94

237.268478 392.939728 94
432.035278 222.219116 36

432.035278 222.219116 36
376.299683 307.167725 370

376.299683 307.167725 370
315.779327 441.386078 262

315.779327 441.386078 262
266.373779 180.189346 306

7.742554 125.929176 3
126.289276 423.642456 56

126.289276 423.642456 56
37.016632 98.105103 44

37.016632 98.105103 44
298.720215 332.931824 451

298.720215 332.931824 451
21.941454 135.040253 58

21.941454 135.040253 58
465.068329 402.597809 40

465.068329 402.597809 40
104.579834 50.008862 185

104.579834 50.008862 185
325.668762 73.085785 308

325.668762 73.085785 308
466.850952 83.537193 358

399.855927 276.902191 6
297.677307 323.856476 218

297.677307 323.856476 218
104.579834 50.008862 185

104.579834 50.008862 185
169.194016 301.722290 239

169.194016 301.722290 239
417.618439 416.845612 319

3.431886 200.446075 8
315.440338 30.800104 401

315.440338 30.800104 401
337.693329 192.220306 128

337.693329 192.220306 128
258.062531 398.092957 177

258.062531 398.092957 177
482.926025 373.248199 216

482.926025 373.248199 216
156.843369 30.552954 83

156.843369 30.552954 83
148.741150 190.156845 180

148.741150 190.156845 180
372.425323 92.228386 447

372.425323 92.228386 447
234.748337 351.682220 199

234.748337 351.682220 199
155.341324 251.605606 443

155.341324 251.605606 443
476.449768 57.385773 99

476.449768 57.385773 99
239.750000 469.228607 190

239.750000 469.228607 190
183.165909 25.814264 347

183.165909 25.814264 347
223.673553 272.990906 53

223.673553 272.990906 53
495.978027 475.249237 391

495.978027 475.249237 391
468.008789 323.908997 112

468.008789 323.908997 112
227.093185 342.257599 288

227.093185 342.257599 288
401.855103 123.958023 72

401.855103 123.958023 72
236.435532 119.589325 295

236.435532 119.589325 295
418.418060 383.816742 104

418.418060 383.816742 104
380.077118 205.970947 340

81.688972 309.366180 9
491.136475 354.864227 476

491.136475 354.864227 476
156.843369 30.552954 83

156.843369 30.552954 83
277.149384 105.469048 399

277.149384 105.469048 399
323.062164 157.814713 368

456.842499 27.325661 10
290.041290 218.594666 116

290.041290 218.594666 116
258.228271 456.328278 48

258.228271 456.328278 48
4.866153 181.510620 42

4.866153 181.510620 42
122.089027 236.266907 107

122.089027 236.266907 107
239.750000 469.228607 190

239.750000 469.228607 190
476.449768 57.385773 99

476.449768 57.385773 99
126.289276 423.642456 56

126.289276 423.642456 56
7.742554 125.929176 3

7.742554 125.929176 3
141.231689 478.909180 302

141.231689 478.909180 302
23.904562 468.274231 441

23.904562 468.274231 441
249.647614 207.480576 417

352.344269 69.368515 15
281.786194 349.850861 197

281.786194 349.850861 197
394.245544 419.702789 165

394.245544 419.702789 165
204.213379 101.795883 419

204.213379 101.795883 419
117.980835 80.943703 463

117.980835 80.943703 463
98.811745 69.544197 159

98.811745 69.544197 159
455.612244 396.402222 134

455.612244 396.402222 134
252.598785 422.516083 311

252.598785 422.516083 311
77.163132 332.462830 152

345.849579 315.786804 17
310.950745 432.801178 21

310.950745 432.801178 21
122.089027 236.266907 107

122.089027 236.266907 107
271.226410 335.250824 7

271.226410 335.250824 7
389.075562 28.698086 440

332.255829 85.866722 22
53.958149 111.782669 404

53.958149 111.782669 404
29.536932 145.311295 243

29.536932 145.311295 243
335.936707 255.869217 382

335.936707 255.869217 382
128.098694 298.256348 139

128.098694 298.256348 139
458.474548 197.085114 498

458.474548 197.085114 498
268.306305 162.144150 195

474.211792 112.595856 27
426.907745 325.181061 283

426.907745 325.181061 283
22.679329 331.073303 173

22.679329 331.073303 173
196.469391 28.658421 436

196.469391 28.658421 436
53.958149 111.782669 404

53.958149 111.782669 404
60.562729 150.403824 50

60.562729 150.403824 50
102.127876 168.461166 389

102.127876 168.461166 389
269.194092 200.230545 407

53.813965 173.900299 37
174.429810 75.244278 371

174.429810 75.244278 371
468.008789 323.908997 112

468.008789 323.908997 112
495.978027 475.249237 391

495.978027 475.249237 391
223.673553 272.990906 53

223.673553 272.990906 53
183.165909 25.814264 347

183.165909 25.814264 347
239.750000 469.228607 190

239.750000 469.228607 190
435.205780 336.835175 234

435.205780 336.835175 234
320.343201 160.357147 459

320.343201 160.357147 459
437.276489 321.876221 132

437.276489 321.876221 132
455.612244 396.402222 134

290.880951 336.811401 41
456.842499 27.325661 10

456.842499 27.325661 10
337.693329 192.220306 128

37.016632 98.105103 44
222.083694 449.669525 35

222.083694 449.669525 35
169.194016 301.722290 239

169.194016 301.722290 239
116.328362 60.275375 68

116.328362 60.275375 68
402.243195 40.378094 90

402.243195 40.378094 90
413.324341 452.099701 175

126.289276 423.642456 56
476.449768 57.385773 99

476.449768 57.385773 99
347.115997 492.582336 186

347.115997 492.582336 186
291.950104 453.675171 384

291.950104 453.675171 384
405.127441 441.901398 47

115.992249 59.356689 69
4.143059 269.291138 345

4.143059 269.291138 345
135.746506 9.945541 75

135.746506 9.945541 75
215.927002 48.854290 351

215.927002 48.854290 351
291.950104 453.675171 384

441.388977 186.641876 70
397.907288 296.080048 372

397.907288 296.080048 372
157.805206 457.844757 312

157.805206 457.844757 312
114.572701 284.323090 281

114.572701 284.323090 281
177.058167 161.867172 174

177.058167 161.867172 174
149.931366 184.462494 148

149.931366 184.462494 148
247.983368 303.209900 349

247.983368 303.209900 349
239.750000 469.228607 190

239.750000 469.228607 190
122.089027 236.266907 107

122.089027 236.266907 107
347.115997 492.582336 186

347.115997 492.582336 186
413.324341 452.099701 175

413.324341 452.099701 175
402.243195 40.378094 90

402.243195 40.378094 90
116.328362 60.275375 68

116.328362 60.275375 68
169.194016 301.722290 239

169.194016 301.722290 239
104.579834 50.008862 185

151.676086 399.951050 71
483.163940 214.159454 257

483.163940 214.159454 257
230.979568 259.141693 338

230.979568 259.141693 338
269.048431 303.419586 333

269.048431 303.419586 333
87.125626 497.490906 431

87.125626 497.490906 431
485.388733 235.488953 259

485.388733 235.488953 259
266.373779 180.189346 306

83.747360 58.147667 78
241.123260 313.661804 446

241.123260 313.661804 446
80.908897 338.030090 325

80.908897 338.030090 325
492.962280 427.325653 149

492.962280 427.325653 149
223.154694 291.656281 439

223.154694 291.656281 439
417.786285 72.021454 194

417.786285 72.021454 194
227.442719 138.797913 225

275.767029 106.863617 85
249.647614 207.480576 417

249.647614 207.480576 417
40.500702 99.817810 493

40.500702 99.817810 493
483.163940 214.159454 257

483.163940 214.159454 257
137.457214 449.288818 25

137.457214 449.288818 25
332.255829 85.866722 22

332.255829 85.866722 22
345.849579 315.786804 17

345.849579 315.786804 17
409.489624 472.249573 181

409.489624 472.249573 181
92.791977 282.819580 93

92.791977 282.819580 93
386.836945 192.990356 182

498.581909 340.908813 101
197.968597 198.498779 462

197.968597 198.498779 462
48.662632 207.985336 168

48.662632 207.985336 168
135.746506 9.945541 75

135.746506 9.945541 75
174.404892 114.406525 423

174.404892 114.406525 423
108.612213 101.509003 212

108.612213 101.509003 212
223.673553 272.990906 53

223.673553 272.990906 53
40.500702 99.817810 493

40.500702 99.817810 493
263.946869 197.193680 354

263.946869 197.193680 354
349.448578 248.283447 14

29.751183 385.393005 120
108.064888 71.145920 31

108.064888 71.145920 31
435.998169 330.832520 241

435.998169 330.832520 241
57.751892 320.665466 309

57.751892 320.665466 309
96.214531 261.121246 265

96.214531 261.121246 265
74.758797 18.102736 336

74.758797 18.102736 336
497.005646 353.959991 144

497.005646 353.959991 144
140.692108 340.459412 337

140.692108 340.459412 337
342.191040 236.365494 484

66.896286 320.241852 122
292.024689 263.570709 264

292.024689 263.570709 264
435.998169 330.832520 241

435.998169 330.832520 241
478.855682 419.296021 487

478.855682 419.296021 487
371.855774 299.673645 81

371.855774 299.673645 81
144.832047 257.010345 394

144.832047 257.010345 394
354.260132 35.922466 297

354.260132 35.922466 297
422.970551 251.301788 221

422.970551 251.301788 221
497.118927 474.387909 402

260.658295 396.381714 136
304.903320 264.860077 387

304.903320 264.860077 387
123.802986 140.305634 157

123.802986 140.305634 157
188.217316 496.569183 246

188.217316 496.569183 246
137.457214 449.288818 25

137.457214 449.288818 25
358.743042 339.271088 494

358.743042 339.271088 494
96.214531 261.121246 265

56.040852 330.551025 141
284.344086 299.784119 458

284.344086 299.784119 458
462.774597 490.443085 365

462.774597 490.443085 365
450.371643 228.010895 163

450.371643 228.010895 163
349.448578 248.283447 14

349.448578 248.283447 14
46.800316 234.905487 91

46.800316 234.905487 91
196.217331 54.899754 113

295.807983 3.567249 156
213.324692 274.350708 411

213.324692 274.350708 411
50.424011 348.647125 82

50.424011 348.647125 82
183.193802 44.562637 271

183.193802 44.562637 271
398.056427 162.225723 214

398.056427 162.225723 214
135.098999 304.425018 12

135.098999 304.425018 12
77.163132 332.462830 152

77.163132 332.462830 152
252.598785 422.516083 311

252.598785 422.516083 311
456.692902 494.726135 29

98.811745 69.544197 159
117.980835 80.943703 463

117.980835 80.943703 463
123.802986 140.305634 157

123.802986 140.305634 157
237.268478 392.939728 94

237.268478 392.939728 94
474.785492 206.213501 277

449.318542 267.014709 160
7.129490 180.702057 87

7.129490 180.702057 87
4.866153 181.510620 42

4.866153 181.510620 42
258.228271 456.328278 48

258.228271 456.328278 48
486.803314 124.059380 434

394.245544 419.702789 165
281.786194 349.850861 197

281.786194 349.850861 197
417.786285 72.021454 194

417.786285 72.021454 194
297.677307 323.856476 218

297.677307 323.856476 218
482.926025 373.248199 216

482.926025 373.248199 216
432.876801 3.144383 260

229.349106 382.929535 166
125.647156 53.267033 98

125.647156 53.267033 98
267.011444 321.242218 135

267.011444 321.242218 135
122.715858 267.789063 429

122.715858 267.789063 429
37.016632 98.105103 44

37.016632 98.105103 44
323.967896 424.499603 191

323.967896 424.499603 191
143.062469 448.500061 235

143.062469 448.500061 235
263.999298 282.768188 291

263.999298 282.768188 291
483.163940 214.159454 257

48.662632 207.985336 168
137.342361 295.156006 385

137.342361 295.156006 385
122.089027 236.266907 107

122.089027 236.266907 107
468.096344 22.032351 13

343.212708 169.880951 171
194.915421 250.727448 109

194.915421 250.727448 109
422.970551 251.301788 221

422.970551 251.301788 221
354.260132 35.922466 297

354.260132 35.922466 297
144.832047 257.010345 394

144.832047 257.010345 394
371.855774 299.673645 81

371.855774 299.673645 81
478.855682 419.296021 487

478.855682 419.296021 487
18.167614 385.418884 103

18.167614 385.418884 103
493.903564 370.857300 331

493.903564 370.857300 331
236.029892 451.718170 150

236.029892 451.718170 150
406.806183 46.451958 418

406.806183 46.451958 418
103.289368 129.605713 455

103.289368 129.605713 455
261.753815 153.961182 480

331.281738 483.030884 183
122.089027 236.266907 107

122.089027 236.266907 107
137.342361 295.156006 385

137.342361 295.156006 385
425.093994 494.666901 119

425.093994 494.666901 119
373.884918 357.375366 294

373.884918 357.375366 294
201.079346 344.119324 444

201.079346 344.119324 444
237.268478 392.939728 94

237.268478 392.939728 94
123.802986 140.305634 157

123.802986 140.305634 157
117.980835 80.943703 463

117.980835 80.943703 463
204.213379 101.795883 419

204.213379 101.795883 419
62.174320 116.596909 273

62.174320 116.596909 273
449.954224 281.051483 355

397.427399 238.423203 187
62.265007 57.230057 238

62.265007 57.230057 238
174.518372 453.162720 453

174.518372 453.162720 453
122.922661 189.602173 230

122.922661 189.602173 230
233.135010 178.341156 184

233.135010 178.341156 184
462.149597 443.105988 65

462.149597 443.105988 65
469.465210 146.746994 324

417.786285 72.021454 194
223.154694 291.656281 439

223.154694 291.656281 439
492.962280 427.325653 149

492.962280 427.325653 149
80.908897 338.030090 325

80.908897 338.030090 325
22.679329 331.073303 173

22.679329 331.073303 173
426.907745 325.181061 283

295.900055 337.281769 198
355.227600 336.072723 415

355.227600 336.072723 415
458.474548 197.085114 498

458.474548 197.085114 498
128.098694 298.256348 139

128.098694 298.256348 139
496.097961 179.150040 282

496.097961 179.150040 282
274.930084 85.577042 114

274.930084 85.577042 114
223.493225 375.621490 5

223.493225 375.621490 5
122.089027 236.266907 107

122.089027 236.266907 107
4.866153 181.510620 42

57.538898 314.460052 210
104.579834 50.008862 185

104.579834 50.008862 185
232.591309 124.396774 416

232.591309 124.396774 416
150.052872 50.887318 375

108.612213 101.509003 212
174.404892 114.406525 423

174.404892 114.406525 423
135.746506 9.945541 75

135.746506 9.945541 75
453.568024 388.570007 206

453.568024 388.570007 206
97.326813 429.223999 164

97.326813 429.223999 164
340.246765 154.972290 395

340.246765 154.972290 395
251.508652 274.242981 396

251.508652 274.242981 396
364.269043 102.158455 66

364.269043 102.158455 66
140.692108 340.459412 337

223.121613 409.752258 213
372.425323 92.228386 447

372.425323 92.228386 447
148.741150 190.156845 180

148.741150 190.156845 180
156.843369 30.552954 83

156.843369 30.552954 83
482.926025 373.248199 216

482.926025 373.248199 216
258.062531 398.092957 177

258.062531 398.092957 177
337.693329 192.220306 128

337.693329 192.220306 128
456.842499 27.325661 10

456.842499 27.325661 10
290.880951 336.811401 41

290.880951 336.811401 41
255.964996 144.285706 201

482.926025 373.248199 216
297.677307 323.856476 218

297.677307 323.856476 218
316.836609 290.054413 392

316.836609 290.054413 392
323.067047 486.351685 57

323.067047 486.351685 57
232.591309 124.396774 416

232.591309 124.396774 416
79.801559 298.715546 437

380.505585 460.793915 217
474.211792 112.595856 27

474.211792 112.595856 27
81.688972 309.366180 9

81.688972 309.366180 9
6.838560 444.624115 397

6.838560 444.624115 397
194.193008 116.153183 46

194.193008 116.153183 46
105.490509 461.516724 162

105.490509 461.516724 162
10.061234 441.118225 258

10.061234 441.118225 258
157.805206 457.844757 312

157.805206 457.844757 312
473.590668 437.884521 479

209.376968 396.455719 222
349.448578 248.283447 14

349.448578 248.283447 14
450.371643 228.010895 163

450.371643 228.010895 163
462.774597 490.443085 365

462.774597 490.443085 365
230.616547 108.127563 1

230.616547 108.127563 1
252.343719 192.445068 334

252.343719 192.445068 334
310.370911 31.615793 34

310.370911 31.615793 34
209.232086 411.996338 33

209.232086 411.996338 33
155.341324 251.605606 443

155.341324 251.605606 443
234.748337 351.682220 199

168.717178 138.059738 224
474.785492 206.213501 277

474.785492 206.213501 277
381.297668 157.059433 54

381.297668 157.059433 54
148.741150 190.156845 180

148.741150 190.156845 180
37.016632 98.105103 44

37.016632 98.105103 44
126.289276 423.642456 56

126.289276 423.642456 56
404.551178 365.876556 63

192.723450 370.387726 236
229.665543 107.993576 357

229.665543 107.993576 357
27.932644 216.476913 390

20.612419 204.638565 237
96.997917 111.554268 74

96.997917 111.554268 74
220.142960 467.242889 412

220.142960 467.242889 412
357.051636 412.947479 117

357.051636 412.947479 117
494.720703 82.052261 59

62.265007 57.230057 238
121.035637 423.104370 272

121.035637 423.104370 272
387.387604 92.608093 51

387.387604 92.608093 51
497.118927 474.387909 402

497.118927 474.387909 402
277.149384 105.469048 399

277.149384 105.469048 399
263.710571 409.249054 2

435.998169 330.832520 241
292.024689 263.570709 264

292.024689 263.570709 264
66.896286 320.241852 122

66.896286 320.241852 122
387.079681 303.384918 400

322.154572 333.332611 252
220.142960 467.242889 412

220.142960 467.242889 412
262.190765 143.904388 80

262.190765 143.904388 80
380.077118 205.970947 340

380.077118 205.970947 340
418.418060 383.816742 104

418.418060 383.816742 104
236.435532 119.589325 295

236.435532 119.589325 295
401.855103 123.958023 72

401.855103 123.958023 72
227.093185 342.257599 288

227.093185 342.257599 288
468.008789 323.908997 112

468.008789 323.908997 112
174.429810 75.244278 371

174.429810 75.244278 371
333.304382 294.639282 254

333.304382 294.639282 254
392.134399 88.354561 4

392.134399 88.354561 4
165.599106 97.457466 106

315.779327 441.386078 262
266.373779 180.189346 306

266.373779 180.189346 306
485.388733 235.488953 259

485.388733 235.488953 259
87.125626 497.490906 431

87.125626 497.490906 431
473.099213 35.793961 352

292.024689 263.570709 264
488.956390 16.964287 154

488.956390 16.964287 154
356.668457 97.358345 226

356.668457 97.358345 226
6.037622 28.997988 76

6.037622 28.997988 76
9.773374 320.720978 145

9.773374 320.720978 145
189.406906 88.579178 468

189.406906 88.579178 468
113.602371 484.840027 278

113.602371 484.840027 278
22.029966 488.179474 342

75.119347 7.677168 267
462.149597 443.105988 65

462.149597 443.105988 65
233.135010 178.341156 184

233.135010 178.341156 184
355.227600 336.072723 415

355.227600 336.072723 415
465.838623 309.032562 130

465.838623 309.032562 130
50.424011 348.647125 82

50.424011 348.647125 82
24.374306 120.358170 84

24.374306 120.358170 84
315.457153 89.735863 473

315.457153 89.735863 473
54.171860 84.126381 227

54.171860 84.126381 227
141.231689 478.909180 302

489.503296 35.991459 268
409.489624 472.249573 181

409.489624 472.249573 181
345.849579 315.786804 17

345.849579 315.786804 17
332.255829 85.866722 22

332.255829 85.866722 22
137.457214 449.288818 25

137.457214 449.288818 25
188.217316 496.569183 246

188.217316 496.569183 246
123.802986 140.305634 157

123.802986 140.305634 157
7.129312 379.351105 60

7.129312 379.351105 60
122.326370 242.530670 73

122.326370 242.530670 73
79.591751 295.822540 280

79.591751 295.822540 280
8.920312 488.662079 62

8.920312 488.662079 62
372.425323 92.228386 447

372.425323 92.228386 447
47.158630 162.690155 448

47.158630 162.690155 448
252.939575 351.641418 367

252.939575 351.641418 367
137.342361 295.156006 385

183.193802 44.562637 271
50.424011 348.647125 82

50.424011 348.647125 82
223.121613 409.752258 213

223.121613 409.752258 213
343.212708 169.880951 171

343.212708 169.880951 171
136.358673 148.933472 219

136.358673 148.933472 219
103.257179 395.021301 28

103.257179 395.021301 28
55.436165 76.685486 20

55.436165 76.685486 20
435.998169 330.832520 241

435.998169 330.832520 241
496.097961 179.150040 282

496.097961 179.150040 282
31.099648 136.389999 348

114.572701 284.323090 281
244.322952 431.854034 96

244.322952 431.854034 96
424.759338 442.008789 223

424.759338 442.008789 223
357.051636 412.947479 117

357.051636 412.947479 117
143.394974 471.887115 408

143.394974 471.887115 408
56.345852 14.689148 438

56.345852 14.689148 438
399.448975 463.704773 137

399.448975 463.704773 137
151.676086 399.951050 71

151.676086 399.951050 71
62.174320 116.596909 273

62.174320 116.596909 273
340.246765 154.972290 395

340.246765 154.972290 395
234.748337 351.682220 199

234.748337 351.682220 199
372.425323 92.228386 447

488.266174 493.841461 284
345.180145 74.692520 231

345.180145 74.692520 231
483.057007 330.997040 204

483.057007 330.997040 204
258.228271 456.328278 48

258.228271 456.328278 48
290.041290 218.594666 116

290.041290 218.594666 116
223.154694 291.656281 439

223.154694 291.656281 439
298.720215 332.931824 451

298.720215 332.931824 451
37.016632 98.105103 44

37.016632 98.105103 44
122.715858 267.789063 429

122.715858 267.789063 429
2.655476 92.598137 133

433.760193 63.383579 285
337.693329 192.220306 128

337.693329 192.220306 128
315.440338 30.800104 401

315.440338 30.800104 401
3.431886 200.446075 8

3.431886 200.446075 8
401.682587 384.679352 161

401.682587 384.679352 161
247.515686 374.747986 95

247.515686 374.747986 95
439.254669 80.919388 142

439.254669 80.919388 142
31.099648 136.389999 348

31.099648 136.389999 348
496.097961 179.150040 282

496.097961 179.150040 282
128.098694 298.256348 139

66.745255 83.464172 293
86.623398 389.048035 321

86.623398 389.048035 321
441.583130 166.931534 111

441.583130 166.931534 111
264.564484 409.355255 143

264.564484 409.355255 143
122.326370 242.530670 73

122.326370 242.530670 73
7.129312 379.351105 60

7.129312 379.351105 60
364.763672 296.729370 420

364.763672 296.729370 420
208.760864 206.903488 467

208.760864 206.903488 467
27.932644 216.476913 390

27.932644 216.476913 390
342.191040 236.365494 484

342.191040 236.365494 484
140.692108 340.459412 337

140.692108 340.459412 337
79.801559 298.715546 437

79.801559 298.715546 437
232.591309 124.396774 416

232.591309 124.396774 416
323.067047 486.351685 57

357.208282 82.537857 300
37.095577 321.926331 310

37.095577 321.926331 310
55.436165 76.685486 20

55.436165 76.685486 20
30.559748 487.289276 430

30.559748 487.289276 430
105.490509 461.516724 162

105.490509 461.516724 162
260.181122 487.378510 343

260.181122 487.378510 343
2.153367 394.681976 275

74.429634 137.536682 317
141.719818 425.173645 228

141.719818 425.173645 228
282.070587 43.231277 332

282.070587 43.231277 332
435.205780 336.835175 234

435.205780 336.835175 234
223.121613 409.752258 213

223.121613 409.752258 213
394.401031 417.945343 422

394.401031 417.945343 422
84.761589 204.934296 475

84.761589 204.934296 475
59.891464 76.746376 279

205.046738 200.806168 323
192.723450 370.387726 236

192.723450 370.387726 236
109.894302 217.777435 485

109.894302 217.777435 485
151.219162 267.297333 19

151.219162 267.297333 19
122.089027 236.266907 107

122.089027 236.266907 107
223.493225 375.621490 5

223.493225 375.621490 5
60.562729 150.403824 50

60.562729 150.403824 50
53.958149 111.782669 404

53.958149 111.782669 404
196.469391 28.658421 436

72.054504 282.452881 326
480.058105 36.898643 471

480.058105 36.898643 471
183.057037 89.188782 64

183.057037 89.188782 64
406.806183 46.451958 418

406.806183 46.451958 418
236.029892 451.718170 150

167.851807 160.033859 328
92.791977 282.819580 93

92.791977 282.819580 93
409.489624 472.249573 181

409.489624 472.249573 181
489.503296 35.991459 268

489.503296 35.991459 268
300.109528 303.601563 32

300.109528 303.601563 32
354.260132 35.922466 297

354.260132 35.922466 297
209.232086 411.996338 33

209.232086 411.996338 33
56.040852 330.551025 141

56.040852 330.551025 141
433.914764 76.663673 292

433.914764 76.663673 292
227.093185 342.257599 288

464.094513 112.134514 329
474.211792 112.595856 27

474.211792 112.595856 27
380.505585 460.793915 217

380.505585 460.793915 217
303.076385 437.863708 363

303.076385 437.863708 363
62.174320 116.596909 273

62.174320 116.596909 273
367.081329 136.579895 461

367.081329 136.579895 461
134.613571 459.291779 200

134.613571 459.291779 200
310.950745 432.801178 21

203.379425 301.537262 339
326.112640 473.681976 335

326.112640 473.681976 335
114.775810 325.682281 305

114.775810 325.682281 305
159.950882 453.916199 379

247.983368 303.209900 349
220.209366 196.244568 24

220.209366 196.244568 24
60.095100 43.208866 45

60.095100 43.208866 45
495.978027 475.249237 391

495.978027 475.249237 391
165.599106 97.457466 106

165.599106 97.457466 106
392.134399 88.354561 4

392.134399 88.354561 4
333.304382 294.639282 254

333.304382 294.639282 254
174.429810 75.244278 371

327.729340 256.358551 350
281.786194 349.850861 197

281.786194 349.850861 197
352.344269 69.368515 15

352.344269 69.368515 15
4.143059 269.291138 345

4.143059 269.291138 345
335.936707 255.869217 382

335.936707 255.869217 382
309.085388 96.668961 313

309.085388 96.668961 313
43.189377 390.457123 108

43.189377 390.457123 108
494.720703 82.052261 59

494.720703 82.052261 59
404.551178 365.876556 63

404.551178 365.876556 63
453.334045 125.920059 360

177.523041 90.260895 366
112.867950 450.804291 92

112.867950 450.804291 92
387.472107 94.474464 266

387.472107 94.474464 266
497.005646 353.959991 144

497.005646 353.959991 144
74.758797 18.102736 336

74.758797 18.102736 336
16.039192 302.183258 276

151.035156 253.808762 374
453.305481 115.528732 499

453.305481 115.528732 499
453.334045 125.920059 360

453.334045 125.920059 360
417.618439 416.845612 319

417.618439 416.845612 319
169.194016 301.722290 239

169.194016 301.722290 239
142.363724 235.484146 314

142.363724 235.484146 314
349.448578 248.283447 14

349.448578 248.283447 14
209.376968 396.455719 222

209.376968 396.455719 222
241.123260 313.661804 446

241.123260 313.661804 446
401.855103 123.958023 72

281.550262 379.721954 383
223.493225 375.621490 5

223.493225 375.621490 5
274.930084 85.577042 114

274.930084 85.577042 114
105.490509 461.516724 162

105.490509 461.516724 162
194.193008 116.153183 46

194.193008 116.153183 46
6.838560 444.624115 397

6.838560 444.624115 397
81.688972 309.366180 9

81.688972 309.366180 9
176.320023 114.784035 322

469.885162 308.275787 406
439.254669 80.919388 142

439.254669 80.919388 142
297.398407 144.616577 0

297.398407 144.616577 0
23.904562 468.274231 441

23.904562 468.274231 441
494.720703 82.052261 59

494.720703 82.052261 59
357.051636 412.947479 117

357.051636 412.947479 117
424.759338 442.008789 223

424.759338 442.008789 223
102.127876 168.461166 389

102.127876 168.461166 389
60.562729 150.403824 50

60.562729 150.403824 50
9.773374 320.720978 145

406.806183 46.451958 418
183.057037 89.188782 64

183.057037 89.188782 64
399.855927 276.902191 6

399.855927 276.902191 6
251.508652 274.242981 396

251.508652 274.242981 396
340.246765 154.972290 395

340.246765 154.972290 395
97.326813 429.223999 164

97.326813 429.223999 164
425.932465 303.889984 249

425.932465 303.889984 249
105.490509 461.516724 162

105.490509 461.516724 162
274.930084 85.577042 114

274.930084 85.577042 114
496.097961 179.150040 282

271.899872 454.682343 421
398.056427 162.225723 214

398.056427 162.225723 214
318.434814 92.825592 307

318.434814 92.825592 307
461.900940 438.353455 126

461.900940 438.353455 126
268.048035 418.188110 409

268.048035 418.188110 409
160.327164 428.959717 410

428.351105 477.244537 427
149.640167 221.605576 23

149.640167 221.605576 23
410.708832 462.318451 140

410.708832 462.318451 140
6.037622 28.997988 76

6.037622 28.997988 76
136.358673 148.933472 219

136.358673 148.933472 219
110.687225 303.460114 79

110.687225 303.460114 79
426.907745 325.181061 283

426.907745 325.181061 283
474.211792 112.595856 27

474.211792 112.595856 27
364.763672 296.729370 420

131.926956 93.287170 449
367.081329 136.579895 461

367.081329 136.579895 461
380.077118 205.970947 340

380.077118 205.970947 340
262.190765 143.904388 80

262.190765 143.904388 80
220.142960 467.242889 412

220.142960 467.242889 412
96.997917 111.554268 74

96.997917 111.554268 74
486.471802 227.179352 11

486.471802 227.179352 11
268.048035 418.188110 409

268.048035 418.188110 409
461.900940 438.353455 126

461.900940 438.353455 126
112.867950 450.804291 92

112.867950 450.804291 92
315.457153 89.735863 473

315.457153 89.735863 473
222.083694 449.669525 35

222.083694 449.669525 35
252.343719 192.445068 334

252.343719 192.445068 334
230.616547 108.127563 1

230.616547 108.127563 1
223.493225 375.621490 5

174.518372 453.162720 453
62.265007 57.230057 238

62.265007 57.230057 238
397.427399 238.423203 187

397.427399 238.423203 187
29.536932 145.311295 243

29.536932 145.311295 243
21.941454 135.040253 58

21.941454 135.040253 58
450.493774 53.272129 315

450.493774 53.272129 315
46.800316 234.905487 91

46.800316 234.905487 91
349.448578 248.283447 14

349.448578 248.283447 14
142.363724 235.484146 314

142.363724 235.484146 314
169.194016 301.722290 239

169.194016 301.722290 239
222.083694 449.669525 35

222.083694 449.669525 35
8.920312 488.662079 62

8.920312 488.662079 62
79.591751 295.822540 280

79.591751 295.822540 280
122.326370 242.530670 73

122.326370 242.530670 73
239.750000 469.228607 190

239.750000 469.228607 190
247.983368 303.209900 349

247.983368 303.209900 349
149.931366 184.462494 148

256.148468 22.335022 454
63.777863 382.582977 364

63.777863 382.582977 364
453.305481 115.528732 499

453.305481 115.528732 499
357.259857 194.999695 303

357.259857 194.999695 303
260.181122 487.378510 343

260.181122 487.378510 343
399.373352 320.025635 192

399.373352 320.025635 192
473.787994 314.491272 318

473.787994 314.491272 318
8.335471 362.019562 344

103.289368 129.605713 455
223.154694 291.656281 439

223.154694 291.656281 439
122.922661 189.602173 230

122.922661 189.602173 230
174.518372 453.162720 453

174.518372 453.162720 453
364.455994 461.897980 477

364.455994 461.897980 477
173.752045 487.669708 425

173.752045 487.669708 425
151.035156 253.808762 374

151.035156 253.808762 374
59.891464 76.746376 279

59.891464 76.746376 279
84.761589 204.934296 475

366.627289 476.188507 456
72.206795 334.124603 381

72.206795 334.124603 381
315.273834 14.327884 18

315.273834 14.327884 18
484.190552 206.899338 131

484.190552 206.899338 131
1.065791 159.221771 88

453.022980 196.345413 466
331.281738 483.030884 183

331.281738 483.030884 183
213.481308 455.136292 188

213.481308 455.136292 188
85.699471 272.503967 232

85.699471 272.503967 232
141.901016 249.546356 147

141.901016 249.546356 147
113.602371 484.840027 278

304.163788 376.208221 469
114.777000 421.486847 110

114.777000 421.486847 110
360.205536 403.652100 486

360.205536 403.652100 486
491.136475 354.864227 476

491.136475 354.864227 476
60.095100 43.208866 45

60.095100 43.208866 45
220.209366 196.244568 24

220.209366 196.244568 24
247.983368 303.209900 349

247.983368 303.209900 349
320.343201 160.357147 459

320.343201 160.357147 459
435.205780 336.835175 234

435.205780 336.835175 234
282.070587 43.231277 332

282.070587 43.231277 332
141.719818 425.173645 228

141.719818 425.173645 228
74.429634 137.536682 317

74.429634 137.536682 317
79.049408 427.697205 263

79.049408 427.697205 263
99.587318 211.200867 478

99.587318 211.200867 478
223.673553 272.990906 53

491.136475 354.864227 476
81.688972 309.366180 9

81.688972 309.366180 9
474.211792 112.595856 27

474.211792 112.595856 27
473.099213 35.793961 352

473.099213 35.793961 352
87.125626 497.490906 431

87.125626 497.490906 431
269.048431 303.419586 333

269.048431 303.419586 333
230.979568 259.141693 338

230.979568 259.141693 338
483.163940 214.159454 257

483.163940 214.159454 257
263.999298 282.768188 291

263.999298 282.768188 291
143.062469 448.500061 235

200.767731 175.081131 482
495.978027 475.249237 391

495.978027 475.249237 391
493.903564 370.857300 331

493.903564 370.857300 331
18.167614 385.418884 103

18.167614 385.418884 103
478.855682 419.296021 487

478.855682 419.296021 487
435.998169 330.832520 241

435.998169 330.832520 241
55.436165 76.685486 20

55.436165 76.685486 20
103.257179 395.021301 28

103.257179 395.021301 28
2.655476 92.598137 133

2.655476 92.598137 133
267.011444 321.242218 135

267.011444 321.242218 135
125.647156 53.267033 98

125.647156 53.267033 98
100.970894 81.405190 49

