118.008492 321.349121 34
479.845978 72.219254 386

479.845978 72.219254 386
247.713333 53.054749 360

247.713333 53.054749 360
377.205780 244.332520 319

377.205780 244.332520 319
494.108704 251.806702 435

494.108704 251.806702 435
77.809212 221.575790 480

77.809212 221.575790 480
215.029175 161.538803 455

409.813171 385.754211 54
198.000793 446.703857 277

198.000793 446.703857 277
198.000793 446.703857 277

417.687012 93.223274 55
97.490936 329.089478 287

97.490936 329.089478 287
119.306534 256.952759 244

119.306534 256.952759 244
393.529205 16.146898 253

393.529205 16.146898 253
344.868042 70.671532 179

344.868042 70.671532 179
398.097778 13.129711 84

398.097778 13.129711 84
54.538757 385.788300 473

54.538757 385.788300 473
465.964264 484.665558 35

367.265320 282.646912 57
321.004333 470.987701 416

321.004333 470.987701 416
298.829315 387.265198 375

298.829315 387.265198 375
82.994339 213.343262 189

82.994339 213.343262 189
406.407532 258.697174 283

406.407532 258.697174 283
413.336792 329.055389 79

413.336792 329.055389 79
87.750435 456.343658 426

37.857800 20.858646 58
44.515610 263.900604 451

44.515610 263.900604 451
271.826660 292.940094 407

271.826660 292.940094 407
23.340464 34.153015 326

23.340464 34.153015 326
470.734894 127.900902 471

433.463409 141.718002 72
187.287415 421.895813 288

187.287415 421.895813 288
473.313141 337.359161 112

473.313141 337.359161 112
332.174194 320.392090 391

332.174194 320.392090 391
165.399048 285.080872 331

165.399048 285.080872 331
59.932293 388.841858 26

59.932293 388.841858 26
461.015472 302.504364 65

370.848846 201.335251 74
116.090271 194.713837 412

116.090271 194.713837 412
76.002274 296.510559 322

76.002274 296.510559 322
128.698914 498.089600 413

128.698914 498.089600 413
236.441971 348.727386 16

236.441971 348.727386 16
13.949990 123.535904 173

173.612778 316.286499 79
323.908752 7.550627 136

323.908752 7.550627 136
327.441162 306.062195 353

327.441162 306.062195 353
438.821259 158.248245 460

438.821259 158.248245 460
47.455551 141.501999 453

47.455551 141.501999 453
161.766052 53.810089 230

161.766052 53.810089 230
119.671730 206.089081 439

192.883667 471.325806 88
226.827240 318.810303 69

226.827240 318.810303 69
117.279503 297.567535 485

117.279503 297.567535 485
87.337372 454.067505 19

87.337372 454.067505 19
294.644257 459.694519 191

294.644257 459.694519 191
40.762634 338.295288 44

40.762634 338.295288 44
318.844788 494.549347 84

318.844788 494.549347 84
256.305145 353.242340 82

367.316315 485.459595 90
307.054230 218.327042 68

307.054230 218.327042 68
119.316277 88.563744 239

119.316277 88.563744 239
5.366445 255.664291 428

5.366445 255.664291 428
284.425690 412.363983 154

284.425690 412.363983 154
227.718765 243.939941 226

227.718765 243.939941 226
3.486067 100.662979 321

3.486067 100.662979 321
285.282257 417.014954 249

285.282257 417.014954 249
314.939331 96.647919 162

314.939331 96.647919 162
32.810928 85.508286 46

32.810928 85.508286 46
234.638565 478.460876 491

234.638565 478.460876 491
276.369629 29.902428 38

350.508148 329.639832 110
55.655689 236.098770 300

55.655689 236.098770 300
33.254623 164.317841 336

33.254623 164.317841 336
113.003075 362.327240 265

113.003075 362.327240 265
209.139999 125.648621 494

209.139999 125.648621 494
1.905650 28.242857 25

1.905650 28.242857 25
429.000214 91.374725 257

241.075272 230.743195 123
102.700981 166.683701 134

102.700981 166.683701 134
339.480225 63.669266 193

339.480225 63.669266 193
360.434509 286.295746 43

360.434509 286.295746 43
367.958801 171.615906 362

367.958801 171.615906 362
405.468536 3.856719 496

405.468536 3.856719 496
56.192547 162.251175 335

56.192547 162.251175 335
486.373077 350.725037 17

362.578247 360.275635 124
308.637421 138.698044 442

308.637421 138.698044 442
43.298809 144.026245 437

43.298809 144.026245 437
329.264221 219.277084 337

329.264221 219.277084 337
491.968506 51.528633 484

491.968506 51.528633 484
411.469818 13.987482 390

411.469818 13.987482 390
22.192150 314.884979 357

22.192150 314.884979 357
232.470627 306.835144 236

232.470627 306.835144 236
479.937225 87.536545 485

177.786591 416.648010 132
131.793259 230.829483 459

131.793259 230.829483 459
173.450089 306.378143 234

173.450089 306.378143 234
293.118011 348.335388 213

293.118011 348.335388 213
13.541609 45.055927 447

13.541609 45.055927 447
364.302032 477.428741 62

364.302032 477.428741 62
105.887589 253.298996 334

198.006058 362.760895 165
445.166565 383.494629 457

445.166565 383.494629 457
490.597137 300.680786 154

490.597137 300.680786 154
199.898773 353.496796 264

199.898773 353.496796 264
307.837006 280.287140 241

307.837006 280.287140 241
76.529739 144.599380 309

76.529739 144.599380 309
243.721695 488.394806 265

243.721695 488.394806 265
404.643372 279.646851 336

404.643372 279.646851 336
324.602112 309.925110 276

324.602112 309.925110 276
313.296539 14.245063 113

375.880219 188.108124 168
198.286652 267.483734 56

198.286652 267.483734 56
336.051361 131.724335 44

336.051361 131.724335 44
195.920853 254.032486 180

195.920853 254.032486 180
428.567047 355.077911 447

428.567047 355.077911 447
60.550690 262.651093 199

60.550690 262.651093 199
406.317841 265.044586 395

406.317841 265.044586 395
329.903656 189.652023 273

329.903656 189.652023 273
140.454147 22.452236 461

140.454147 22.452236 461
204.351517 164.411072 121

417.361755 405.945190 194
411.077209 277.243225 320

411.077209 277.243225 320
124.764267 138.414474 30

124.764267 138.414474 30
314.495728 416.089935 402

314.495728 416.089935 402
110.827415 199.230972 221

110.827415 199.230972 221
418.082397 288.378387 297

418.082397 288.378387 297
57.280003 235.559158 464

57.280003 235.559158 464
269.720795 455.432831 274

339.759827 112.658592 217
283.706024 305.163605 424

283.706024 305.163605 424
174.058701 420.961823 482

174.058701 420.961823 482
100.681694 10.811180 391

100.681694 10.811180 391
164.807434 181.504959 53

164.807434 181.504959 53
111.605644 262.261780 347

111.605644 262.261780 347
332.353729 451.831177 190

332.353729 451.831177 190
115.996002 131.086136 99

115.996002 131.086136 99
262.739288 104.838524 443

262.739288 104.838524 443
356.162231 390.585541 403

261.299133 123.724846 258
228.710678 127.180130 162

228.710678 127.180130 162
49.928753 436.867432 114

49.928753 436.867432 114
234.203125 28.861792 282

234.203125 28.861792 282
280.311218 375.280029 241

280.311218 375.280029 241
169.290543 402.339661 31

169.290543 402.339661 31
102.163315 202.054001 120

102.163315 202.054001 120
329.968628 265.265991 269

329.968628 265.265991 269
487.391266 93.224823 37

487.391266 93.224823 37
182.006271 217.093826 189

16.609161 446.352936 267
318.812653 495.806732 276

318.812653 495.806732 276
372.049408 397.910645 336

372.049408 397.910645 336
346.700409 290.985840 300

346.700409 290.985840 300
371.053864 405.188141 310

371.053864 405.188141 310
202.463928 0.856966 20

202.463928 0.856966 20
247.931152 248.793152 430

247.931152 248.793152 430
402.038086 415.300140 473

39.160667 165.130173 273
454.663330 175.076874 355

454.663330 175.076874 355
9.810627 399.282166 36

9.810627 399.282166 36
341.193329 470.023956 370

341.193329 470.023956 370
498.815765 40.532349 262

498.815765 40.532349 262
222.393982 174.857056 306

222.393982 174.857056 306
395.524872 393.233063 259

395.524872 393.233063 259
222.725128 433.697662 41

222.725128 433.697662 41
403.235443 4.148662 153

403.235443 4.148662 153
97.947571 18.657625 224

263.155945 219.651108 282
137.054947 111.126305 139

137.054947 111.126305 139
434.190094 414.100739 207

434.190094 414.100739 207
265.138824 186.718704 365

265.138824 186.718704 365
170.331116 121.425835 1

170.331116 121.425835 1
97.849098 131.306976 334

97.849098 131.306976 334
140.712646 413.943878 35

140.712646 413.943878 35
115.512161 258.672821 239

115.512161 258.672821 239
294.294159 184.556122 185

185.719101 185.836014 290
344.541473 322.179779 449

344.541473 322.179779 449
489.104828 450.205627 46

489.104828 450.205627 46
186.925415 179.108231 344

186.925415 179.108231 344
241.770477 446.404205 318

241.770477 446.404205 318
297.596741 482.351318 228

297.596741 482.351318 228
134.559982 485.878998 317

134.559982 485.878998 317
96.840500 286.948517 263

166.621033 116.887627 296
298.946777 347.662048 156

298.946777 347.662048 156
398.834869 166.122086 411

398.834869 166.122086 411
33.233643 296.276337 452

33.233643 296.276337 452
333.815308 211.756729 127

333.815308 211.756729 127
219.973923 240.566254 157

219.973923 240.566254 157
144.980225 24.356514 60

144.980225 24.356514 60
411.877014 292.640533 73

411.877014 292.640533 73
361.024719 186.807449 170

361.024719 186.807449 170
339.374237 107.672691 239

339.374237 107.672691 239
467.120392 185.445633 262

467.120392 185.445633 262
163.956009 252.385788 470

89.657936 45.739532 298
60.047478 322.509583 239

60.047478 322.509583 239
60.193329 358.919830 35

60.193329 358.919830 35
320.635376 28.890074 334

320.635376 28.890074 334
318.179871 34.851311 1

318.179871 34.851311 1
207.487915 375.986755 365

207.487915 375.986755 365
477.720093 256.928528 458

477.720093 256.928528 458
204.399521 22.602617 141

341.954193 490.719147 301
93.230400 138.162491 498

93.230400 138.162491 498
147.687881 424.884644 229

147.687881 424.884644 229
200.547394 33.646851 209

200.547394 33.646851 209
302.888550 475.671143 76

302.888550 475.671143 76
174.458450 301.873840 145

174.458450 301.873840 145
35.806030 450.308167 38

35.806030 450.308167 38
209.107574 344.489136 491

209.107574 344.489136 491
405.020172 493.974823 97

417.021179 245.708557 310
13.195008 150.603271 256

13.195008 150.603271 256
13.195008 150.603271 256

352.950623 67.814201 314
123.348328 416.612122 14

123.348328 416.612122 14
93.076859 446.500946 91

93.076859 446.500946 91
329.096710 140.864914 338

329.096710 140.864914 338
78.193512 348.658905 333

78.193512 348.658905 333
178.942566 245.422012 211

178.942566 245.422012 211
404.431030 110.241982 38

404.431030 110.241982 38
103.810638 283.122955 145

103.810638 283.122955 145
326.455994 113.069771 313

82.986595 255.621307 323
123.341354 84.946335 236

123.341354 84.946335 236
226.490143 249.715240 16

226.490143 249.715240 16
478.215302 37.432968 413

478.215302 37.432968 413
145.025253 194.974396 322

145.025253 194.974396 322
7.725477 487.295929 412

306.936096 426.938416 337
380.204987 94.738602 144

380.204987 94.738602 144
492.036774 344.294495 266

492.036774 344.294495 266
238.803955 370.525391 63

238.803955 370.525391 63
149.826614 498.852905 421

149.826614 498.852905 421
119.071960 384.922272 293

252.242325 57.050766 338
487.055237 13.011068 257

487.055237 13.011068 257
114.076706 332.749451 25

114.076706 332.749451 25
106.433212 457.852600 246

106.433212 457.852600 246
264.990814 447.767273 418

264.990814 447.767273 418
122.755020 441.371796 150

122.755020 441.371796 150
194.392227 32.888351 147

194.392227 32.888351 147
477.528595 252.357574 232

477.528595 252.357574 232
471.231018 165.920105 188

269.157379 260.996338 345
445.533539 350.540100 382

445.533539 350.540100 382
160.912186 364.959412 139

160.912186 364.959412 139
429.697357 270.614990 498

198.145325 455.944489 357
317.513031 210.653305 390

317.513031 210.653305 390
193.520538 325.230530 87

193.520538 325.230530 87
179.995117 216.069763 388

179.995117 216.069763 388
30.190886 87.839035 423

30.190886 87.839035 423
490.539307 144.916321 212

490.539307 144.916321 212
158.639465 34.664124 156

287.180237 74.581352 361
8.622199 262.994354 107

8.622199 262.994354 107
408.800537 114.785820 190

408.800537 114.785820 190
250.849701 189.006561 73

250.849701 189.006561 73
475.350983 374.792389 280

475.350983 374.792389 280
111.509888 465.716003 62

111.509888 465.716003 62
31.320572 300.727020 447

31.320572 300.727020 447
344.838043 220.745987 180

344.838043 220.745987 180
267.859863 19.959091 44

267.859863 19.959091 44
256.003326 390.740204 191

256.003326 390.740204 191
379.253265 301.437195 405

262.004547 401.699097 376
139.058441 344.856232 242

139.058441 344.856232 242
367.638611 156.753952 86

215.350632 102.743683 391
194.067245 124.847618 106

194.067245 124.847618 106
98.741142 436.776855 118

98.741142 436.776855 118
197.384476 276.013763 73

197.384476 276.013763 73
28.387577 71.631371 143

28.387577 71.631371 143
406.461151 95.887009 111

406.461151 95.887009 111
303.894501 187.089386 321

303.894501 187.089386 321
423.642181 110.453453 226

423.642181 110.453453 226
378.336792 18.844246 76

305.962616 302.316895 413
238.049744 322.037781 61

238.049744 322.037781 61
238.049744 322.037781 61

398.793854 165.790024 422
203.662750 186.295990 213

203.662750 186.295990 213
365.095398 242.555344 234

365.095398 242.555344 234
372.443420 328.708405 492

372.443420 328.708405 492
386.057709 132.667480 329

71.796715 406.036804 434
399.973999 296.633667 48

399.973999 296.633667 48
12.096823 322.074036 116

12.096823 322.074036 116
114.442734 232.615616 10

114.442734 232.615616 10
110.096809 124.146072 41

110.096809 124.146072 41
457.061554 131.196625 12

457.061554 131.196625 12
377.277039 488.479919 214

366.675537 438.387787 444
269.354980 331.159149 94

269.354980 331.159149 94
318.450012 87.224396 277

318.450012 87.224396 277
493.154602 465.668365 54

493.154602 465.668365 54
27.244537 371.441986 60

460.210419 406.874115 446
408.570251 389.050659 72

408.570251 389.050659 72
152.906326 285.056793 295

152.906326 285.056793 295
302.885254 301.199402 134

302.885254 301.199402 134
133.235962 173.968735 159

133.235962 173.968735 159
366.030304 462.944794 403

366.030304 462.944794 403
403.300110 261.778198 443

403.300110 261.778198 443
391.445557 221.969482 362

441.805359 125.102371 449
326.000519 489.754272 461

326.000519 489.754272 461
472.680206 482.022736 46

472.680206 482.022736 46
116.682503 460.683319 397

116.682503 460.683319 397
56.753845 154.097321 9

56.753845 154.097321 9
412.167023 20.781279 27

412.167023 20.781279 27
77.316521 339.262146 352

77.316521 339.262146 352
279.632141 190.678589 431

279.632141 190.678589 431
294.076202 75.605217 362

294.076202 75.605217 362
32.210739 48.137249 443

32.210739 48.137249 443
461.135803 32.982109 99

379.383728 29.277771 457
230.559738 102.962997 371

230.559738 102.962997 371
146.390259 26.829422 254

146.390259 26.829422 254
345.761139 436.977997 78

345.761139 436.977997 78
258.595154 291.423584 446

258.595154 291.423584 446
84.717575 272.238525 325

84.717575 272.238525 325
347.621185 343.922058 149

347.621185 343.922058 149
39.853275 224.866394 263

39.853275 224.866394 263
63.275188 23.379595 317

63.275188 23.379595 317
111.516830 118.732277 228

111.516830 118.732277 228
200.655991 424.730652 332

39.136169 162.004059 459
241.356995 280.756317 195

241.356995 280.756317 195
174.499954 83.414200 498

174.499954 83.414200 498
233.924088 476.844635 415

233.924088 476.844635 415
16.687334 385.574493 184

16.687334 385.574493 184
177.033661 397.561829 230

177.033661 397.561829 230
48.388363 19.011885 453

48.388363 19.011885 453
274.579895 169.133484 477

274.579895 169.133484 477
69.497200 146.710999 316

210.749863 182.185318 460
46.804546 335.848846 333

46.804546 335.848846 333
99.330963 289.064209 52

99.330963 289.064209 52
347.548096 49.634277 17

347.548096 49.634277 17
188.481033 294.416199 355

188.481033 294.416199 355
156.749100 66.007225 364

210.942001 346.063416 466
313.041718 70.344063 183

313.041718 70.344063 183
123.977364 373.459320 107

123.977364 373.459320 107
432.230865 3.437102 13

432.230865 3.437102 13
256.887512 154.680756 474

256.887512 154.680756 474
119.133415 448.483673 151

119.133415 448.483673 151
110.278160 124.221443 146

110.278160 124.221443 146
451.651001 160.089966 346

184.735657 335.364166 474
483.889282 59.142651 13

483.889282 59.142651 13
373.108002 378.198883 107

373.108002 378.198883 107
118.548004 376.121643 186

118.548004 376.121643 186
11.521280 294.401001 384

11.521280 294.401001 384
33.239246 434.046692 351

33.239246 434.046692 351
36.023647 265.203186 75

36.023647 265.203186 75
320.884033 71.065666 423

55.436165 76.685486 20
103.257179 395.021301 28

103.257179 395.021301 28
136.358673 148.933472 219

136.358673 148.933472 219
6.037622 28.997988 76

6.037622 28.997988 76
133.260910 478.277832 209

11.599838 111.579956 26
493.903564 370.857300 331

493.903564 370.857300 331
495.978027 475.249237 391

495.978027 475.249237 391
223.673553 272.990906 53

223.673553 272.990906 53
108.612213 101.509003 212

108.612213 101.509003 212
174.404892 114.406525 423

174.404892 114.406525 423
232.930176 309.150055 388

465.068329 402.597809 40
322.154572 333.332611 252

322.154572 333.332611 252
193.077621 413.732635 172

193.077621 413.732635 172
473.787994 314.491272 318

473.787994 314.491272 318
173.202103 27.396589 497

173.202103 27.396589 497
418.418060 383.816742 104

418.418060 383.816742 104
236.435532 119.589325 295

236.435532 119.589325 295
401.855103 123.958023 72

401.855103 123.958023 72
227.093185 342.257599 288

227.093185 342.257599 288
468.008789 323.908997 112

457.991241 464.983459 43
387.079681 303.384918 400

387.079681 303.384918 400
66.896286 320.241852 122

66.896286 320.241852 122
483.057007 330.997040 204

483.057007 330.997040 204
258.228271 456.328278 48

258.228271 456.328278 48
290.041290 218.594666 116

290.041290 218.594666 116
223.154694 291.656281 439

223.154694 291.656281 439
298.720215 332.931824 451

116.328362 60.275375 68
169.194016 301.722290 239

169.194016 301.722290 239
222.083694 449.669525 35

222.083694 449.669525 35
8.920312 488.662079 62

401.855103 123.958023 72
241.123260 313.661804 446

241.123260 313.661804 446
209.376968 396.455719 222

209.376968 396.455719 222
349.448578 248.283447 14

349.448578 248.283447 14
450.371643 228.010895 163

450.371643 228.010895 163
409.489624 472.249573 181

409.489624 472.249573 181
169.154999 99.150299 483

169.154999 99.150299 483
474.211792 112.595856 27

474.211792 112.595856 27
380.505585 460.793915 217

380.505585 460.793915 217
303.076385 437.863708 363

135.746506 9.945541 75
453.568024 388.570007 206

453.568024 388.570007 206
97.326813 429.223999 164

97.326813 429.223999 164
340.246765 154.972290 395

340.246765 154.972290 395
234.748337 351.682220 199

234.748337 351.682220 199
155.341324 251.605606 443

155.341324 251.605606 443
192.351578 156.806381 403

192.351578 156.806381 403
488.956390 16.964287 154

488.956390 16.964287 154
292.024689 263.570709 264

6.037622 28.997988 76
136.358673 148.933472 219

136.358673 148.933472 219
103.257179 395.021301 28

103.257179 395.021301 28
2.655476 92.598137 133

2.655476 92.598137 133
413.270203 156.582260 205

413.270203 156.582260 205
261.753815 153.961182 480

261.753815 153.961182 480
437.112366 298.316925 435

437.112366 298.316925 435
417.618439 416.845612 319

417.618439 416.845612 319
453.334045 125.920059 360

453.334045 125.920059 360
295.807983 3.567249 156

295.807983 3.567249 156
199.519836 179.393494 296

24.374306 120.358170 84
37.016632 98.105103 44

37.016632 98.105103 44
27.932644 216.476913 390

27.932644 216.476913 390
208.760864 206.903488 467

208.760864 206.903488 467
364.763672 296.729370 420

487.198578 341.282227 97
318.823181 50.152988 491

318.823181 50.152988 491
396.982788 482.831482 38

396.982788 482.831482 38
442.152496 204.749374 211

442.152496 204.749374 211
269.048431 303.419586 333

269.048431 303.419586 333
87.125626 497.490906 431

87.125626 497.490906 431
473.099213 35.793961 352

473.099213 35.793961 352
474.211792 112.595856 27

474.211792 112.595856 27
81.688972 309.366180 9

81.688972 309.366180 9
176.320023 114.784035 322

196.217331 54.899754 113
478.963654 233.696823 202

478.963654 233.696823 202
121.183868 331.949097 393

121.183868 331.949097 393
213.617416 360.332336 465

213.617416 360.332336 465
13.389140 452.013977 102

21.012306 323.543884 118
165.599106 97.457466 106

165.599106 97.457466 106
392.134399 88.354561 4

392.134399 88.354561 4
117.628929 140.002731 442

117.628929 140.002731 442
79.801559 298.715546 437

79.801559 298.715546 437
453.334045 125.920059 360

453.334045 125.920059 360
417.618439 416.845612 319

417.618439 416.845612 319
437.112366 298.316925 435

437.112366 298.316925 435
7.129490 180.702057 87

7.129490 180.702057 87
232.930176 309.150055 388

232.930176 309.150055 388
317.701172 379.045776 251

317.701172 379.045776 251
480.058105 36.898643 471

480.058105 36.898643 471
43.524414 100.503922 432

425.093994 494.666901 119
116.205719 366.910095 380

116.205719 366.910095 380
437.276489 321.876221 132

437.276489 321.876221 132
364.455994 461.897980 477

364.455994 461.897980 477
174.518372 453.162720 453

174.518372 453.162720 453
62.265007 57.230057 238

62.265007 57.230057 238
121.035637 423.104370 272

121.035637 423.104370 272
145.555801 288.439026 269

145.555801 288.439026 269
29.751183 385.393005 120

29.751183 385.393005 120
228.105820 26.782990 158

66.896286 320.241852 122
292.024689 263.570709 264

292.024689 263.570709 264
435.998169 330.832520 241

435.998169 330.832520 241
496.097961 179.150040 282

496.097961 179.150040 282
128.098694 298.256348 139

128.098694 298.256348 139
458.474548 197.085114 498

458.474548 197.085114 498
255.692505 184.179779 301

255.692505 184.179779 301
421.820007 462.389740 169

421.820007 462.389740 169
333.538391 353.434082 124

333.538391 353.434082 124
117.628929 140.002731 442

484.190552 206.899338 131
141.725723 471.129730 492

141.725723 471.129730 492
464.094513 112.134514 329

464.094513 112.134514 329
474.211792 112.595856 27

474.211792 112.595856 27
473.099213 35.793961 352

473.099213 35.793961 352
87.125626 497.490906 431

87.125626 497.490906 431
479.524902 31.176208 362

479.524902 31.176208 362
155.341324 251.605606 443

260.658295 396.381714 136
110.687225 303.460114 79

110.687225 303.460114 79
426.907745 325.181061 283

426.907745 325.181061 283
247.515686 374.747986 95

247.515686 374.747986 95
439.254669 80.919388 142

439.254669 80.919388 142
96.416000 162.068069 244

96.416000 162.068069 244
455.358276 62.093884 287

48.662632 207.985336 168
126.289276 423.642456 56

126.289276 423.642456 56
404.551178 365.876556 63

404.551178 365.876556 63
387.472107 94.474464 266

386.836945 192.990356 182
228.105820 26.782990 158

228.105820 26.782990 158
29.751183 385.393005 120

29.751183 385.393005 120
108.064888 71.145920 31

108.064888 71.145920 31
101.620110 471.933197 464

101.620110 471.933197 464
402.243195 40.378094 90

239.750000 469.228607 190
122.089027 236.266907 107

122.089027 236.266907 107
468.096344 22.032351 13

468.096344 22.032351 13
498.415497 203.178558 474

498.415497 203.178558 474
480.058105 36.898643 471

480.058105 36.898643 471
317.701172 379.045776 251

317.701172 379.045776 251
441.583130 166.931534 111

323.967896 424.499603 191
37.016632 98.105103 44

37.016632 98.105103 44
148.741150 190.156845 180

148.741150 190.156845 180
372.425323 92.228386 447

372.425323 92.228386 447
234.748337 351.682220 199

234.748337 351.682220 199
340.246765 154.972290 395

340.246765 154.972290 395
97.326813 429.223999 164

97.326813 429.223999 164
102.127876 168.461166 389

102.127876 168.461166 389
350.554108 111.898956 256

22.302210 45.678646 240
194.193008 116.153183 46

194.193008 116.153183 46
194.193008 116.153183 46

317.701172 379.045776 251
232.930176 309.150055 388

232.930176 309.150055 388
7.129490 180.702057 87

7.129490 180.702057 87
27.932644 216.476913 390

27.932644 216.476913 390
342.191040 236.365494 484

342.191040 236.365494 484
140.692108 340.459412 337

140.692108 340.459412 337
497.005646 353.959991 144

497.005646 353.959991 144
258.062531 398.092957 177

258.062531 398.092957 177
337.693329 192.220306 128

337.693329 192.220306 128
456.842499 27.325661 10

456.842499 27.325661 10
290.880951 336.811401 41

290.880951 336.811401 41
135.098999 304.425018 12

135.098999 304.425018 12
83.747360 58.147667 78

83.747360 58.147667 78
333.304382 294.639282 254

255.692505 184.179779 301
458.474548 197.085114 498

458.474548 197.085114 498
118.554535 349.133636 229

118.554535 349.133636 229
149.640167 221.605576 23

149.640167 221.605576 23
410.708832 462.318451 140

410.708832 462.318451 140
342.348969 347.086029 373

342.348969 347.086029 373
227.442719 138.797913 225

227.442719 138.797913 225
422.970551 251.301788 221

422.970551 251.301788 221
354.260132 35.922466 297

357.259857 194.999695 303
453.305481 115.528732 499

453.305481 115.528732 499
453.334045 125.920059 360

453.334045 125.920059 360
197.051376 80.572960 386

197.051376 80.572960 386
21.941454 135.040253 58

21.941454 135.040253 58
450.493774 53.272129 315

450.493774 53.272129 315
46.800316 234.905487 91

46.800316 234.905487 91
230.979568 259.141693 338

230.979568 259.141693 338
269.048431 303.419586 333

269.048431 303.419586 333
280.419037 496.774963 460

383.807312 222.172501 304
92.791977 282.819580 93

92.791977 282.819580 93
386.836945 192.990356 182

386.836945 192.990356 182
371.524811 322.290314 250

371.524811 322.290314 250
292.024689 263.570709 264

292.024689 263.570709 264
488.956390 16.964287 154

488.956390 16.964287 154
58.848946 435.206848 327

58.848946 435.206848 327
144.832047 257.010345 394

144.832047 257.010345 394
371.855774 299.673645 81

182.075180 229.213501 316
326.112640 473.681976 335

326.112640 473.681976 335
203.379425 301.537262 339

203.379425 301.537262 339
50.110935 220.880203 151

50.110935 220.880203 151
57.751892 320.665466 309

57.751892 320.665466 309
96.214531 261.121246 265

96.214531 261.121246 265
358.743042 339.271088 494

140.692108 340.459412 337
79.801559 298.715546 437

79.801559 298.715546 437
232.591309 124.396774 416

232.591309 124.396774 416
371.855774 299.673645 81

371.855774 299.673645 81
144.832047 257.010345 394

144.832047 257.010345 394
354.260132 35.922466 297

354.260132 35.922466 297
209.232086 411.996338 33

209.232086 411.996338 33
13.389140 452.013977 102

13.389140 452.013977 102
101.620110 471.933197 464

101.620110 471.933197 464
380.077118 205.970947 340

96.789452 377.142761 346
406.230835 401.923767 146

406.230835 401.923767 146
27.932644 216.476913 390

27.932644 216.476913 390
229.665543 107.993576 357

229.665543 107.993576 357
466.524353 233.402344 489

466.524353 233.402344 489
297.398407 144.616577 0

243.594681 175.313858 353
280.419037 496.774963 460

280.419037 496.774963 460
269.048431 303.419586 333

269.048431 303.419586 333
442.152496 204.749374 211

442.152496 204.749374 211
396.982788 482.831482 38

396.982788 482.831482 38
318.823181 50.152988 491

318.823181 50.152988 491
194.193008 116.153183 46

194.193008 116.153183 46
131.926956 93.287170 449

131.926956 93.287170 449
278.093231 129.940842 290

263.946869 197.193680 354
349.448578 248.283447 14

349.448578 248.283447 14
142.363724 235.484146 314

142.363724 235.484146 314
169.194016 301.722290 239

169.194016 301.722290 239
204.967224 3.832340 428

204.967224 3.832340 428
488.956390 16.964287 154

479.524902 31.176208 362
42.261391 35.962284 496

42.261391 35.962284 496
18.167614 385.418884 103

18.167614 385.418884 103
493.903564 370.857300 331

493.903564 370.857300 331
11.599838 111.579956 26

11.599838 111.579956 26
462.149597 443.105988 65

462.149597 443.105988 65
16.039192 302.183258 276

16.039192 302.183258 276
74.758797 18.102736 336

74.758797 18.102736 336
96.214531 261.121246 265

96.214531 261.121246 265
57.751892 320.665466 309

57.751892 320.665466 309
50.110935 220.880203 151

50.110935 220.880203 151
203.379425 301.537262 339

203.379425 301.537262 339
247.515686 374.747986 95

102.127876 168.461166 389
60.562729 150.403824 50

60.562729 150.403824 50
53.958149 111.782669 404

53.958149 111.782669 404
29.536932 145.311295 243

29.536932 145.311295 243
335.936707 255.869217 382

335.936707 255.869217 382
413.270203 156.582260 205

413.270203 156.582260 205
43.321342 263.148926 67

43.321342 263.148926 67
318.823181 50.152988 491

340.246765 154.972290 395
62.174320 116.596909 273

62.174320 116.596909 273
367.081329 136.579895 461

367.081329 136.579895 461
194.193008 116.153183 46

194.193008 116.153183 46
105.490509 461.516724 162

105.490509 461.516724 162
274.930084 85.577042 114

274.930084 85.577042 114
223.493225 375.621490 5

223.493225 375.621490 5
230.616547 108.127563 1

230.616547 108.127563 1
462.774597 490.443085 365

462.774597 490.443085 365
386.253448 66.037682 207

277.149384 105.469048 399
263.710571 409.249054 2

263.710571 409.249054 2
432.035278 222.219116 36

432.035278 222.219116 36
449.954224 281.051483 355

449.954224 281.051483 355
391.721741 166.008530 286

391.721741 166.008530 286
45.195877 54.312141 472

45.195877 54.312141 472
358.743042 339.271088 494

358.743042 339.271088 494
96.214531 261.121246 265

355.227600 336.072723 415
233.135010 178.341156 184

233.135010 178.341156 184
462.149597 443.105988 65

462.149597 443.105988 65
469.465210 146.746994 324

469.465210 146.746994 324
92.791977 282.819580 93

92.791977 282.819580 93
409.489624 472.249573 181

409.489624 472.249573 181
345.849579 315.786804 17

345.849579 315.786804 17
449.954224 281.051483 355

449.954224 281.051483 355
62.174320 116.596909 273

62.174320 116.596909 273
204.213379 101.795883 419

204.213379 101.795883 419
394.245544 419.702789 165

394.245544 419.702789 165
124.868301 407.513977 457

271.899872 454.682343 421
404.551178 365.876556 63

404.551178 365.876556 63
494.720703 82.052261 59

494.720703 82.052261 59
357.051636 412.947479 117

357.051636 412.947479 117
424.759338 442.008789 223

424.759338 442.008789 223
173.202103 27.396589 497

394.401031 417.945343 422
223.121613 409.752258 213

223.121613 409.752258 213
435.205780 336.835175 234

435.205780 336.835175 234
282.070587 43.231277 332

282.070587 43.231277 332
141.719818 425.173645 228

141.719818 425.173645 228
74.429634 137.536682 317

74.429634 137.536682 317
79.049408 427.697205 263

79.049408 427.697205 263
122.715858 267.789063 429

122.715858 267.789063 429
2.655476 92.598137 133

173.752045 487.669708 425
466.524353 233.402344 489

466.524353 233.402344 489
473.590668 437.884521 479

473.590668 437.884521 479
2.631187 89.421394 248

2.631187 89.421394 248
121.035637 423.104370 272

121.035637 423.104370 272
62.265007 57.230057 238

304.163788 376.208221 469
275.767029 106.863617 85

275.767029 106.863617 85
249.647614 207.480576 417

249.647614 207.480576 417
158.913635 249.297852 433

223.673553 272.990906 53
108.612213 101.509003 212

108.612213 101.509003 212
174.404892 114.406525 423

174.404892 114.406525 423
232.930176 309.150055 388

232.930176 309.150055 388
474.211792 112.595856 27

474.211792 112.595856 27
473.099213 35.793961 352

473.099213 35.793961 352
87.125626 497.490906 431

126.289276 423.642456 56
404.551178 365.876556 63

404.551178 365.876556 63
453.334045 125.920059 360

323.067047 486.351685 57
232.591309 124.396774 416

232.591309 124.396774 416
150.052872 50.887318 375

150.052872 50.887318 375
421.743225 167.890015 189

421.743225 167.890015 189
426.907745 325.181061 283

426.907745 325.181061 283
22.679329 331.073303 173

22.679329 331.073303 173
80.908897 338.030090 325

494.720703 82.052261 59
404.551178 365.876556 63

404.551178 365.876556 63
387.472107 94.474464 266

387.472107 94.474464 266
112.867950 450.804291 92

112.867950 450.804291 92
461.900940 438.353455 126

461.900940 438.353455 126
318.434814 92.825592 307

186.531693 383.224121 77
450.493774 53.272129 315

450.493774 53.272129 315
46.800316 234.905487 91

46.800316 234.905487 91
230.979568 259.141693 338

230.979568 259.141693 338
269.048431 303.419586 333

269.048431 303.419586 333
87.125626 497.490906 431

87.125626 497.490906 431
485.388733 235.488953 259

485.388733 235.488953 259
266.373779 180.189346 306

266.373779 180.189346 306
315.779327 441.386078 262

315.779327 441.386078 262
376.299683 307.167725 370

376.299683 307.167725 370
21.012306 323.543884 118

81.688972 309.366180 9
474.211792 112.595856 27

474.211792 112.595856 27
169.154999 99.150299 483

169.154999 99.150299 483
59.891464 76.746376 279

59.891464 76.746376 279
84.761589 204.934296 475

84.761589 204.934296 475
394.401031 417.945343 422

394.401031 417.945343 422
21.012306 323.543884 118

465.068329 402.597809 40
49.335449 367.918549 208

49.335449 367.918549 208
255.692505 184.179779 301

255.692505 184.179779 301
421.820007 462.389740 169

421.820007 462.389740 169
258.062531 398.092957 177

258.062531 398.092957 177
482.926025 373.248199 216

482.926025 373.248199 216
156.843369 30.552954 83

156.843369 30.552954 83
277.149384 105.469048 399

277.149384 105.469048 399
497.118927 474.387909 402

497.118927 474.387909 402
251.508652 274.242981 396

251.508652 274.242981 396
340.246765 154.972290 395

340.246765 154.972290 395
97.326813 429.223999 164

97.326813 429.223999 164
386.035339 490.011444 220

386.035339 490.011444 220
72.054504 282.452881 326

72.054504 282.452881 326
269.194092 200.230545 407

269.194092 200.230545 407
298.720215 332.931824 451

462.149597 443.105988 65
75.119347 7.677168 267

75.119347 7.677168 267
16.039192 302.183258 276

16.039192 302.183258 276
196.469391 28.658421 436

196.469391 28.658421 436
53.958149 111.782669 404

53.958149 111.782669 404
60.562729 150.403824 50

60.562729 150.403824 50
102.127876 168.461166 389

102.127876 168.461166 389
310.370911 31.615793 34

310.370911 31.615793 34
252.343719 192.445068 334

252.343719 192.445068 334
8.920312 488.662079 62

115.992249 59.356689 69
4.143059 269.291138 345

4.143059 269.291138 345
352.344269 69.368515 15

352.344269 69.368515 15
487.198578 341.282227 97

487.198578 341.282227 97
318.823181 50.152988 491

318.823181 50.152988 491
396.982788 482.831482 38

396.982788 482.831482 38
442.152496 204.749374 211

442.152496 204.749374 211
269.048431 303.419586 333

269.048431 303.419586 333
243.393417 352.111603 52

243.393417 352.111603 52
345.849579 315.786804 17

345.849579 315.786804 17
449.954224 281.051483 355

449.954224 281.051483 355
62.174320 116.596909 273

62.174320 116.596909 273
303.076385 437.863708 363

401.855103 123.958023 72
236.435532 119.589325 295

236.435532 119.589325 295
418.418060 383.816742 104

418.418060 383.816742 104
173.202103 27.396589 497

173.202103 27.396589 497
424.759338 442.008789 223

424.759338 442.008789 223
433.914764 76.663673 292

433.914764 76.663673 292
364.717133 300.538483 398

364.717133 300.538483 398
105.490509 461.516724 162

105.490509 461.516724 162
274.930084 85.577042 114

274.930084 85.577042 114
496.097961 179.150040 282

496.097961 179.150040 282
435.998169 330.832520 241

435.998169 330.832520 241
292.024689 263.570709 264

262.190765 143.904388 80
492.532074 123.547073 369

492.532074 123.547073 369
255.964996 144.285706 201

255.964996 144.285706 201
290.880951 336.811401 41

290.880951 336.811401 41
485.388733 235.488953 259

485.388733 235.488953 259
87.125626 497.490906 431

87.125626 497.490906 431
473.099213 35.793961 352

473.099213 35.793961 352
474.211792 112.595856 27

474.211792 112.595856 27
364.763672 296.729370 420

24.374306 120.358170 84
50.424011 348.647125 82

50.424011 348.647125 82
223.121613 409.752258 213

223.121613 409.752258 213
343.212708 169.880951 171

343.212708 169.880951 171
136.358673 148.933472 219

136.358673 148.933472 219
110.687225 303.460114 79

110.687225 303.460114 79
426.907745 325.181061 283

426.907745 325.181061 283
474.211792 112.595856 27

474.211792 112.595856 27
464.094513 112.134514 329

464.094513 112.134514 329
141.725723 471.129730 492

46.800316 234.905487 91
230.979568 259.141693 338

230.979568 259.141693 338
483.163940 214.159454 257

483.163940 214.159454 257
137.457214 449.288818 25

137.457214 449.288818 25
332.255829 85.866722 22

332.255829 85.866722 22
345.849579 315.786804 17

345.849579 315.786804 17
7.129490 180.702057 87

7.129490 180.702057 87
232.930176 309.150055 388

232.930176 309.150055 388
317.701172 379.045776 251

317.701172 379.045776 251
441.583130 166.931534 111

441.583130 166.931534 111
399.448975 463.704773 137

274.930084 85.577042 114
223.493225 375.621490 5

223.493225 375.621490 5
122.089027 236.266907 107

122.089027 236.266907 107
110.359314 353.166779 361

110.359314 353.166779 361
177.523041 90.260895 366

177.523041 90.260895 366
72.054504 282.452881 326

72.054504 282.452881 326
480.058105 36.898643 471

480.058105 36.898643 471
43.524414 100.503922 432

342.525238 150.779221 123
72.206795 334.124603 381

72.206795 334.124603 381
176.320023 114.784035 322

176.320023 114.784035 322
429.854462 309.316833 203

429.854462 309.316833 203
456.692902 494.726135 29

456.692902 494.726135 29
252.598785 422.516083 311

252.598785 422.516083 311
82.574692 120.909630 341

82.574692 120.909630 341
396.982788 482.831482 38

396.982788 482.831482 38
9.773374 320.720978 145

9.773374 320.720978 145
6.037622 28.997988 76

337.693329 192.220306 128
397.427399 238.423203 187

397.427399 238.423203 187
62.265007 57.230057 238

62.265007 57.230057 238
174.518372 453.162720 453

174.518372 453.162720 453
350.554108 111.898956 256

350.554108 111.898956 256
102.127876 168.461166 389

102.127876 168.461166 389
97.326813 429.223999 164

97.326813 429.223999 164
453.568024 388.570007 206

453.568024 388.570007 206
222.083694 449.669525 35

222.083694 449.669525 35
315.457153 89.735863 473

315.457153 89.735863 473
94.497833 133.579437 377

94.497833 133.579437 377
183.165909 25.814264 347

183.165909 25.814264 347
239.750000 469.228607 190

239.750000 469.228607 190
122.089027 236.266907 107

122.089027 236.266907 107
347.115997 492.582336 186

347.115997 492.582336 186
476.449768 57.385773 99

476.449768 57.385773 99
155.341324 251.605606 443

455.612244 396.402222 134
96.789452 377.142761 346

96.789452 377.142761 346
11.599838 111.579956 26

11.599838 111.579956 26
462.149597 443.105988 65

462.149597 443.105988 65
469.465210 146.746994 324

469.465210 146.746994 324
398.056427 162.225723 214

398.056427 162.225723 214
183.193802 44.562637 271

183.193802 44.562637 271
399.373352 320.025635 192

450.371643 228.010895 163
413.270203 156.582260 205

413.270203 156.582260 205
2.655476 92.598137 133

2.655476 92.598137 133
122.715858 267.789063 429

122.715858 267.789063 429
37.016632 98.105103 44

37.016632 98.105103 44
148.741150 190.156845 180

148.741150 190.156845 180
387.472107 94.474464 266

258.062531 398.092957 177
497.005646 353.959991 144

497.005646 353.959991 144
140.692108 340.459412 337

140.692108 340.459412 337
342.191040 236.365494 484

342.191040 236.365494 484
27.932644 216.476913 390

27.932644 216.476913 390
37.016632 98.105103 44

37.016632 98.105103 44
323.967896 424.499603 191

323.967896 424.499603 191
151.219162 267.297333 19

151.219162 267.297333 19
109.894302 217.777435 485

109.894302 217.777435 485
2.655476 92.598137 133

2.655476 92.598137 133
103.257179 395.021301 28

103.257179 395.021301 28
136.358673 148.933472 219

136.358673 148.933472 219
448.542786 53.292393 330

448.542786 53.292393 330
380.077118 205.970947 340

380.077118 205.970947 340
101.620110 471.933197 464

101.620110 471.933197 464
402.243195 40.378094 90

366.399048 147.558655 193
455.612244 396.402222 134

455.612244 396.402222 134
98.811745 69.544197 159

98.811745 69.544197 159
355.227600 336.072723 415

355.227600 336.072723 415
295.900055 337.281769 198

295.900055 337.281769 198
374.310303 130.150711 495

374.310303 130.150711 495
273.654358 232.950592 55

422.970551 251.301788 221
354.260132 35.922466 297

354.260132 35.922466 297
300.109528 303.601563 32

300.109528 303.601563 32
489.503296 35.991459 268

489.503296 35.991459 268
304.903320 264.860077 387

304.903320 264.860077 387
123.802986 140.305634 157

123.802986 140.305634 157
188.217316 496.569183 246

188.217316 496.569183 246
137.457214 449.288818 25

137.457214 449.288818 25
358.743042 339.271088 494

358.743042 339.271088 494
45.195877 54.312141 472

45.195877 54.312141 472
391.721741 166.008530 286

143.062469 448.500061 235
263.999298 282.768188 291

263.999298 282.768188 291
117.980835 80.943703 463

117.980835 80.943703 463
204.213379 101.795883 419

204.213379 101.795883 419
62.174320 116.596909 273

62.174320 116.596909 273
449.954224 281.051483 355

449.954224 281.051483 355
391.721741 166.008530 286

391.721741 166.008530 286
283.255707 368.070129 61

283.255707 368.070129 61
105.490509 461.516724 162

105.490509 461.516724 162
364.717133 300.538483 398

364.717133 300.538483 398
433.914764 76.663673 292

433.914764 76.663673 292
424.759338 442.008789 223

424.759338 442.008789 223
173.202103 27.396589 497

173.202103 27.396589 497
473.787994 314.491272 318

473.787994 314.491272 318
8.335471 362.019562 344

8.335471 362.019562 344
194.193008 116.153183 46

255.784714 220.261551 245
275.767029 106.863617 85

275.767029 106.863617 85
249.647614 207.480576 417

249.647614 207.480576 417
31.099648 136.389999 348

31.099648 136.389999 348
243.594681 175.313858 353

243.594681 175.313858 353
260.658295 396.381714 136

79.049408 427.697205 263
122.715858 267.789063 429

122.715858 267.789063 429
267.011444 321.242218 135

267.011444 321.242218 135
362.084534 176.925629 115

362.084534 176.925629 115
50.110935 220.880203 151

50.110935 220.880203 151
406.230835 401.923767 146

406.230835 401.923767 146
96.789452 377.142761 346

96.789452 377.142761 346
66.745255 83.464172 293

66.745255 83.464172 293
271.899872 454.682343 421

271.899872 454.682343 421
458.474548 197.085114 498

458.474548 197.085114 498
255.692505 184.179779 301

329.966370 199.057816 289
160.327164 428.959717 410

160.327164 428.959717 410
101.620110 471.933197 464

101.620110 471.933197 464
354.260132 35.922466 297

354.260132 35.922466 297
144.832047 257.010345 394

144.832047 257.010345 394
371.855774 299.673645 81

371.855774 299.673645 81
232.591309 124.396774 416

232.591309 124.396774 416
104.579834 50.008862 185

104.579834 50.008862 185
297.677307 323.856476 218

297.677307 323.856476 218
316.836609 290.054413 392

316.836609 290.054413 392
295.900055 337.281769 198

295.900055 337.281769 198
355.227600 336.072723 415

355.227600 336.072723 415
233.135010 178.341156 184

25.180609 134.956177 299
7.129312 379.351105 60

7.129312 379.351105 60
123.802986 140.305634 157

123.802986 140.305634 157
117.980835 80.943703 463

117.980835 80.943703 463
263.999298 282.768188 291

263.999298 282.768188 291
483.163940 214.159454 257

483.163940 214.159454 257
151.676086 399.951050 71

151.676086 399.951050 71
165.049637 447.116730 30

165.049637 447.116730 30
471.208466 370.739258 320

471.208466 370.739258 320
280.419037 496.774963 460

309.085388 96.668961 313
118.554535 349.133636 229

118.554535 349.133636 229
57.751892 320.665466 309

57.751892 320.665466 309
96.214531 261.121246 265

96.214531 261.121246 265
358.743042 339.271088 494

252.343719 192.445068 334
222.083694 449.669525 35

222.083694 449.669525 35
37.016632 98.105103 44

37.016632 98.105103 44
24.374306 120.358170 84

24.374306 120.358170 84
315.457153 89.735863 473

315.457153 89.735863 473
112.867950 450.804291 92

112.867950 450.804291 92
461.900940 438.353455 126

461.900940 438.353455 126
268.048035 418.188110 409

268.048035 418.188110 409
486.471802 227.179352 11

486.471802 227.179352 11
96.997917 111.554268 74

96.997917 111.554268 74
220.142960 467.242889 412

220.142960 467.242889 412
262.190765 143.904388 80

262.190765 143.904388 80
380.077118 205.970947 340

260.181122 487.378510 343
399.373352 320.025635 192

399.373352 320.025635 192
473.787994 314.491272 318

473.787994 314.491272 318
173.202103 27.396589 497

173.202103 27.396589 497
418.418060 383.816742 104

418.418060 383.816742 104
236.435532 119.589325 295

236.435532 119.589325 295
123.802986 140.305634 157

123.802986 140.305634 157
7.129312 379.351105 60

7.129312 379.351105 60
122.326370 242.530670 73

122.326370 242.530670 73
79.591751 295.822540 280

79.591751 295.822540 280
8.920312 488.662079 62

8.920312 488.662079 62
372.425323 92.228386 447

372.425323 92.228386 447
148.741150 190.156845 180

148.741150 190.156845 180
37.016632 98.105103 44

37.016632 98.105103 44
126.289276 423.642456 56

126.289276 423.642456 56
404.551178 365.876556 63

404.551178 365.876556 63
494.720703 82.052261 59

494.720703 82.052261 59
23.904562 468.274231 441

23.904562 468.274231 441
297.398407 144.616577 0

8.335471 362.019562 344
252.598785 422.516083 311

252.598785 422.516083 311
456.692902 494.726135 29

456.692902 494.726135 29
429.854462 309.316833 203

429.854462 309.316833 203
176.320023 114.784035 322

176.320023 114.784035 322
81.688972 309.366180 9

81.688972 309.366180 9
491.136475 354.864227 476

491.136475 354.864227 476
205.046738 200.806168 323

205.046738 200.806168 323
144.832047 257.010345 394

144.832047 257.010345 394
48.662632 207.985336 168

48.662632 207.985336 168
126.289276 423.642456 56

126.289276 423.642456 56
476.449768 57.385773 99

476.449768 57.385773 99
239.750000 469.228607 190

239.750000 469.228607 190
122.326370 242.530670 73

122.326370 242.530670 73
462.774597 490.443085 365

462.774597 490.443085 365
450.371643 228.010895 163

450.371643 228.010895 163
349.448578 248.283447 14

349.448578 248.283447 14
263.946869 197.193680 354

263.946869 197.193680 354
40.500702 99.817810 493

96.789452 377.142761 346
406.230835 401.923767 146

406.230835 401.923767 146
50.110935 220.880203 151

50.110935 220.880203 151
203.379425 301.537262 339

203.379425 301.537262 339
247.515686 374.747986 95

247.515686 374.747986 95
214.022812 289.198944 470

31.099648 136.389999 348
439.254669 80.919388 142

439.254669 80.919388 142
96.416000 162.068069 244

96.416000 162.068069 244
455.358276 62.093884 287

455.358276 62.093884 287
273.654358 232.950592 55

273.654358 232.950592 55
374.310303 130.150711 495

374.310303 130.150711 495
383.130127 476.533966 196

383.130127 476.533966 196
399.373352 320.025635 192

399.373352 320.025635 192
260.181122 487.378510 343

260.181122 487.378510 343
357.259857 194.999695 303

357.259857 194.999695 303
367.081329 136.579895 461

367.081329 136.579895 461
131.926956 93.287170 449

131.926956 93.287170 449
278.093231 129.940842 290

281.550262 379.721954 383
116.205719 366.910095 380

116.205719 366.910095 380
425.093994 494.666901 119

425.093994 494.666901 119
137.342361 295.156006 385

137.342361 295.156006 385
48.662632 207.985336 168

48.662632 207.985336 168
144.832047 257.010345 394

144.832047 257.010345 394
354.260132 35.922466 297

354.260132 35.922466 297
101.620110 471.933197 464

101.620110 471.933197 464
108.064888 71.145920 31

108.064888 71.145920 31
435.998169 330.832520 241

435.998169 330.832520 241
478.855682 419.296021 487

478.855682 419.296021 487
371.855774 299.673645 81

137.342361 295.156006 385
122.089027 236.266907 107

122.089027 236.266907 107
468.096344 22.032351 13

468.096344 22.032351 13
498.415497 203.178558 474

498.415497 203.178558 474
43.321342 263.148926 67

43.321342 263.148926 67
318.823181 50.152988 491

183.922501 492.147919 413
176.320023 114.784035 322

176.320023 114.784035 322
220.142960 467.242889 412

220.142960 467.242889 412
488.956390 16.964287 154

488.956390 16.964287 154
124.868301 407.513977 457

406.806183 46.451958 418
188.217316 496.569183 246

188.217316 496.569183 246
123.802986 140.305634 157

123.802986 140.305634 157
304.903320 264.860077 387

304.903320 264.860077 387
489.503296 35.991459 268

489.503296 35.991459 268
409.489624 472.249573 181

409.489624 472.249573 181
92.791977 282.819580 93

92.791977 282.819580 93
167.851807 160.033859 328

167.851807 160.033859 328
97.601768 101.792305 167

271.899872 454.682343 421
404.551178 365.876556 63

404.551178 365.876556 63
387.472107 94.474464 266

387.472107 94.474464 266
148.741150 190.156845 180

148.741150 190.156845 180
381.297668 157.059433 54

381.297668 157.059433 54
169.154999 99.150299 483

169.154999 99.150299 483
409.489624 472.249573 181

409.489624 472.249573 181
345.849579 315.786804 17

345.849579 315.786804 17
332.255829 85.866722 22

332.255829 85.866722 22
137.457214 449.288818 25

137.457214 449.288818 25
188.217316 496.569183 246

188.217316 496.569183 246
406.806183 46.451958 418

406.806183 46.451958 418
183.057037 89.188782 64

173.752045 487.669708 425
466.524353 233.402344 489

466.524353 233.402344 489
297.398407 144.616577 0

297.398407 144.616577 0
110.359314 353.166779 361

110.359314 353.166779 361
122.089027 236.266907 107

122.089027 236.266907 107
331.281738 483.030884 183

331.281738 483.030884 183
213.481308 455.136292 188

213.481308 455.136292 188
85.699471 272.503967 232

85.699471 272.503967 232
121.035637 423.104370 272

121.035637 423.104370 272
62.265007 57.230057 238

